Type,1570155_at,209241_x_at,215248_at,232246_at,240857_at,232451_at,235159_at,221950_at,238555_at,236574_at,226895_at,213175_s_at,207418_s_at,218381_s_at,226983_at,227421_at,1565833_at,227566_at,218668_s_at,235650_at,216139_s_at,225482_at,232377_at,202742_s_at,205257_s_at,207968_s_at,52285_f_at,233509_at,223335_at,242799_at,233321_x_at,243686_at,204783_at,224079_at,211230_s_at,1561264_at,210528_at,221998_s_at,201657_at,240967_at,1557136_at,238710_at,220702_at,241981_at,216223_at,202839_s_at,218206_x_at,213853_at,241772_at,228978_at,214811_at,1563502_at,211448_s_at,243629_x_at,219754_at,216230_x_at,229655_at,225483_at,227612_at,239403_at,1560787_at,233585_at,60084_at,203818_s_at,226205_at,1558330_x_at,226793_at,242913_at,202450_s_at,1569794_at,236924_at,202713_s_at,211337_s_at,226426_at,222302_at,225429_at,230604_at,233819_s_at,1556849_at,1559093_at,202189_x_at,1560874_at,215048_at,211387_x_at,204109_s_at,213273_at,214499_s_at,1563969_at,231355_at,213295_at,237654_at,205807_s_at,202733_at,214562_at,200717_x_at,240430_at,215187_at,241048_at,211954_s_at,242159_at,229012_at,229967_at,227917_at,241242_at,219254_at,208013_s_at,202210_x_at,227234_at,242486_at,1563706_at,240833_at,213053_at,218534_s_at,228627_at,240295_at,227739_at,232891_at,225168_at,224933_s_at,206129_s_at,209420_s_at,1559566_at,214404_x_at,201639_s_at,204462_s_at,229063_s_at,239146_at,1554436_a_at,226533_at,207564_x_at,1569171_a_at,204447_at,210124_x_at,201660_at,244442_at,234192_s_at,237209_s_at,1555814_a_at,229074_at,203440_at,213368_x_at,240259_at,203692_s_at,1565852_at,1553446_at,210761_s_at,237671_at,203978_at,223918_at,227133_at,222733_x_at,242268_at,205103_at,218680_x_at,1568906_at,233648_at,219177_at,215234_at,241096_at,215365_at,225103_at,209760_at,208200_at,1557223_at,234717_at,230331_at,1558648_at,207855_s_at,210083_at,202469_s_at,234056_at,223625_at,239623_at,207759_s_at,205287_s_at,237184_at,226376_at,209104_s_at,214669_x_at,207958_at,204547_at,236424_at,225523_at,232219_x_at,242110_at,211528_x_at,235298_at,210385_s_at,234269_at,49051_g_at,201652_at,1554679_a_at,208759_at,217776_at,213251_at,215025_at,209249_s_at,1553296_at,220303_at,1565803_at,209655_s_at,212655_at,1564547_x_at,1565717_s_at,204267_x_at,244440_at,230006_s_at,221537_at,223404_s_at,1560282_at,219720_s_at,1552288_at,221004_s_at,238216_at,225589_at,1556598_at,242765_at,236514_at,202099_s_at,208259_x_at,211927_x_at,210089_s_at,221034_s_at,221901_at,214869_x_at,203131_at,212867_at,227054_at,230161_at,222409_at,241091_at,1557610_at,217851_s_at,203963_at,234724_x_at,208166_at,206363_at,1557409_at,231271_x_at,91684_g_at,203095_at,233270_x_at,221963_x_at,227201_at,223875_s_at,204779_s_at,224646_x_at
1.0,0.17716562656360604,0.6455400849822297,0.3629564825205837,0.5686749698183358,0.5306724556730517,0.29812617140244413,0.16942996358305495,0.7767962870635502,0.73119968893195,0.07867236531677867,0.2772158344337752,0.31888069829418925,0.3758387833024101,0.1907871257844494,0.5033299754062142,0.31544751367618445,0.18159479705906081,0.8063937953681428,0.4129309819879688,0.3227514139407067,0.8222842410218052,0.9669909051980815,0.6647665082707119,0.8382717614659692,0.9441945925051842,0.5216519402108089,0.4686957640876314,0.22868224052395042,0.5897523095456784,0.7920330318085317,0.5131100925372564,0.8210359178530913,0.4108165138990873,0.37710479863665214,0.4601114877960644,0.39796905067352145,0.5759488575376805,0.3272982661982996,0.6038160969416652,0.7248004319672618,0.5273058793667367,0.2729856596512859,0.315386816270015,0.42467956091325665,0.5684109105208879,0.3447319518950246,0.2892808431644073,0.39446349138483466,0.7877338166320478,0.014019934117197116,0.8937184815396592,0.6117964910875139,0.1867288866058063,0.45434913263862065,0.17092263149618858,0.6202904358574401,0.8422170711103493,0.8194452948787474,0.9014875160300946,0.7377104254174819,0.731635456989624,0.6004931817095683,0.8227708987439776,0.3907661297453922,0.7704620439916967,0.052635182073683506,0.8519350992367253,0.5269874434406894,0.0884480880171256,0.5219834464418511,0.4657181879103853,0.2735646092242572,0.5773427735101059,0.7004379395553291,0.4561202126764605,0.8955843708332057,0.36293891930813577,0.4765414271367487,0.6129807396295238,0.669210178856212,0.2818970052534665,0.4131139026164847,0.34454073364897003,0.3116627450912734,0.5038042815302644,0.4782605753833825,0.24813610284483612,0.36068737132953205,0.8874313479604092,0.9091522944332602,0.5191936874911893,0.7133088300850825,0.4463203312393558,0.4837717739594039,0.0876836281341856,0.5658388662008355,0.4774145467840521,0.5885845224416021,0.5795542727526085,0.490156935067096,0.6084122293119801,0.4981198733934702,0.3686563941513618,0.23825833017287354,0.5993123228062811,0.3559647221585316,0.6838242126792903,0.39597737231544,0.4269518668647434,0.3366658480349835,0.249285562863944,0.5415759999093925,0.7138548165576375,0.5854113357656019,0.5227088932195447,0.400758605867146,0.6792320385504291,0.483007894265566,0.17954831649440625,0.49877230452618176,0.3158939467405894,0.5560205471600993,0.08145491103865934,0.33192206096026405,0.25938721535155734,0.4082388673367986,0.6278257162122924,0.5416271350425141,0.7456159792962956,0.5900074006696697,0.44595185166828655,0.7416575411854107,0.8640581207654876,0.8476496099024374,0.6149453670316362,0.643546575095689,0.528838294238701,0.5275430625581939,0.1268084054838788,0.656675384706077,0.8643448964877677,0.5372803971229565,0.30254770595650826,0.4816121673621102,0.3983858918295673,0.5328000900358391,0.38253839624744546,0.1341648108680965,0.6199793003619868,0.2570927001948344,0.524886190224171,0.5254790313235318,0.7633007223864646,0.29344825434716537,0.3193085261879116,0.4308202559001684,0.4360634538846816,0.66646022380146,0.4119557801027771,0.6472227553460627,0.5141783349982252,0.15293380238944373,0.0537330006035967,0.3088375711746015,0.8927030533727905,0.8153787292966188,0.10599583477834143,0.5168085181908241,0.41585101691217397,0.28157678048046253,0.5907665743371544,0.08786500524043389,0.29077090165621716,0.34133201029116744,0.15053975299611924,0.06085411959100743,0.4470051337917055,0.5324099955515383,0.10693559251359844,0.5539377151349585,0.8087327207068706,0.8138308590730615,0.3401555439006118,0.622275112742844,0.27359903606902336,0.12572879860975453,0.3110185134356389,0.21748486411642112,0.43912444277440044,0.41241471942222047,0.8710398900211496,0.5278717651710728,0.3620221587926077,0.9103871500202417,0.747456569061562,0.5219937819753975,0.8691616646867705,0.5018134803277238,0.3302973991589539,0.203529340261187,0.6207766877925802,0.4986744066387498,0.5425311989847142,0.39907970913435853,0.5435180679235833,0.2627847136716895,0.9392989484979598,0.34108003081941823,0.7782472555757359,0.11649417883328235,0.0065574721330815,0.23450319113138265,0.6482945995286117,0.4860021436228145,0.6511685287673897,0.7782144087414749,0.7456204510063658,0.44583514256749424,0.6005478388831453,0.5438221310414256,0.12826750309855026,0.18928938946181187,0.6992714798128921,0.8855504612239816,0.44482224689287797,0.5712616636685361,0.7320639151526235,0.796521405545356,0.33929589380063413,0.35745903894050046,0.25242701780948634,0.7211112151067406,0.5549543574003514,0.31628942586017095,0.220259286706624,0.564116709354053,0.383136926855455,0.24955993326470582,0.8451617701950638,0.36925201054888357,0.7534713859492406,0.1686160515565125,0.08762647616713456,0.7867372347239164,0.4286291664058059,0.3550857452703802,0.3192414752047392
3.0,0.36121847312511274,0.5008499833842832,0.7247228876334104,0.6149786326329619,0.6018779654063656,0.43851707136807766,0.6269528750878159,0.5439294516333,0.7641699492636715,0.4246258810607276,0.5594220479983751,0.5697461140913314,0.3741443293677812,0.6226432217469565,0.6323606376457098,0.3951001215820741,0.6410561691210492,0.763112759575128,0.4465979398480073,0.5991628279341741,0.9010543990099791,0.6909938819416884,0.5338677805214674,0.6378479722891283,0.3591561709230406,0.2910610660649681,0.6200286459785999,0.28802547585771343,0.4802523729023966,0.5501990082992294,0.5605106756876308,0.03650684424996346,0.6989950493616258,0.5656484265902914,0.4760915658566568,0.8063829325274047,0.7164307846987358,0.7845588810961428,0.6996576973945067,0.6372018538283922,0.8155309374735688,0.5008778048744105,0.47279978762545855,0.5008894656389015,0.5636574246217695,0.45487377747140006,0.29335926271677865,0.14008283858684029,0.5035110043597862,0.25037060788141563,0.5657667536583719,0.828934992041943,1.0,0.4423890434411002,0.10628254154788971,0.6982509501253042,0.8656941666364779,0.622432641694451,0.7855181343051534,0.77337386335197,0.6515718567930467,0.5658052441831436,0.5445626424074356,0.6760400509097261,0.8509094088968292,0.13807260651524006,0.24094165396586975,0.6586556732282833,0.2106388310763106,0.7160201267528603,0.44164408641763736,0.630254057125882,0.7549178352760358,0.7073058880183771,0.5834009430414243,0.5846310904736206,0.41867734304061927,0.4020881102822688,0.7614864049212575,0.6175605832193939,0.8764096838715898,0.757633868015346,0.11313191884868719,0.5073517994310863,0.5879842690534552,0.36423787070782704,0.7275260733536002,0.2608810674844897,0.778489812106632,0.48488583496156895,0.358328113297627,0.39981980671829065,0.40816293614712085,0.39395297822878983,0.3289158128233592,0.5632409395223209,0.5996257989231588,0.44989784902324703,0.6660672720202855,0.6749963546678188,0.21038465843976126,0.5192987124848161,0.3284396392678166,0.4523818879245491,0.7656910325217158,0.4737355891080089,0.6499142066363363,0.23827617504551518,0.7764553886111417,0.42240236536502546,0.3986818945960762,0.7583425938391808,0.5717593842766727,0.5971488848810887,0.6110445777490755,0.9587018714072606,0.6369512638638644,0.2729018550157027,0.23889603843010335,0.7276541065185783,0.3725486740741729,0.43343813188840963,0.6999439595087569,0.42604252455668024,0.5413044406962086,0.48614991977599553,0.7378484512506194,0.6073755445182699,0.6800420273415028,0.7215562868075295,0.24154734098801678,0.31227948090068497,0.5977155550445951,0.8220794417811651,0.7322727263854446,0.563241610430821,0.4466286883042478,0.8389104182307711,0.43632420873122285,0.881078429388398,0.5963211547437715,0.4677432338391809,0.3904318003634832,0.6212523572441109,0.6335722289842193,0.6584817822833149,0.6196854799779812,0.5305334897091667,0.18333576452188666,0.5434388382857136,0.8338973880183296,0.5072005606724436,0.8211472001050626,0.41121596871567784,0.17209274735483968,0.37093762463917224,0.5540307056330539,0.6503982756992768,0.44603552572082267,0.2702839712953773,0.6050891583814252,0.1571012734092017,0.49720537689013405,0.5318057353041051,0.6495419080091801,0.6337171660367874,0.5035159270570306,0.564231011124455,0.43833703788010536,0.37963731439160864,0.7910804122675467,0.58296062485473,0.4814326785835189,0.6315760616972889,0.10064097123283285,0.5565270411575312,0.650414827169925,0.5018073247830451,0.2502691981786425,0.6882794782533357,0.19520530288205096,0.7560777462092048,0.36902217408679133,0.7264424855000525,0.43843789621612794,0.8215072526600867,0.5922438118288648,0.6280431902666636,0.6278567449575355,0.5733416205034987,0.6959601094566188,0.8561482676453287,0.6292592357066259,0.6927663389207945,0.7267476374931857,0.7477368537600725,0.27346146915010694,0.6586906480564171,0.4829634188052929,0.26600647178844355,0.6855802516463125,0.36010632876997617,0.6706573119060426,0.9161140726866731,0.588751672532476,0.5291530504548712,0.5018430575442506,0.6955881994027369,0.3571668228401266,0.3845894876426276,0.7406246769303925,0.5316957026901732,0.8896220125173334,0.597893289963901,0.5920123105381045,0.7671465922547981,0.1196131653800989,0.5336175119963128,0.7977297185442219,0.6192171942057964,0.49804535859926125,0.22532572848672217,0.7649052644343364,0.2407355505450867,0.8884500849409607,0.4682502880467724,0.4973349051759237,0.8348373189427406,0.6244236803319131,0.5121390941168248,0.5424588259877002,0.6837424370174632,0.9737388136942451,0.5396348593984477,0.7826300358508198,0.6301931226166357,0.5811448128714213,0.4162526370768648,0.7784228036432095,0.56321602425137,0.46013506830352147,0.7997550995318617,0.7274628678790933,0.6696473178341085,0.639335845377238,0.6049134366283856,0.5037380758065017
4.0,0.6698762407811404,0.31686107344766895,0.0,0.8148783877447249,0.36984272915092004,0.6580915405839964,0.580606171388003,0.7293813146919833,0.9708478059617331,0.2943454459800225,0.4501087088266936,0.2522212809669685,0.11960906747616684,0.5670704792458551,0.4447549102570435,0.4124533696936186,0.41179099605837355,0.6840413920166111,0.483847688379055,0.8027100803310514,0.3000784940835237,0.835910839466689,0.7907307278370259,0.789066486397513,0.1610869581426798,0.21705909666314196,0.5243365523698617,0.5834363655967314,0.6628773014923549,0.21823347030838525,0.7470819872392243,0.22529393727791155,0.6393201969604658,0.3148723314271717,0.7926038129070705,0.7894907124110007,0.17818413731816576,0.4879416935821288,0.38441530253388617,0.8389388950103218,0.9600229003066367,0.5402741525645622,0.4250078280668935,0.5917195536466379,0.5433221276510007,0.40878026323763195,0.23247081920460824,0.29312311399099833,0.8061994067552138,1.0,0.42419069064205983,0.3061366181926504,0.26990674005682547,0.3456564410297641,0.40078116605076947,0.6567939330129535,0.7961067161025345,0.24912591258427233,0.7743594138370848,0.7711572812735555,0.5698110982233124,0.6120557081302798,0.696953577707252,0.723225633461374,0.7174333422002579,0.34864039463358687,0.18957048346644068,0.8068939291750142,0.18627170778670044,0.5962854427002425,0.6521156293867569,0.36214749676939717,0.8720172556048561,0.505639558218028,0.4453154041483853,0.8291134190778883,0.4392684064414888,0.6011169178537171,0.9248189315454212,0.8925988569321374,0.5484462686416773,0.5757461851026506,0.40249249955680827,0.5084041092712407,0.6742765861983024,0.4271110934136927,0.7485204739339416,0.6777375971467797,0.5044494130677538,0.5646288422944825,0.09567623232503346,0.48269946102827604,0.3240931474490578,0.7795733419152479,0.5518027251259873,0.7809768156044677,0.7207061889797245,0.9357236247706505,0.632259357014562,0.49102167181479855,0.287932369987882,0.696717115162893,0.29584360982093605,0.4939757766191462,0.5079909918932389,0.7468247774565436,0.33357378562055184,0.6803806077736769,0.6544833137587047,0.7645463618479674,0.34627405634438524,0.6408057686682426,0.34906633048176783,0.6535370710976721,0.9099694554557196,0.5462778180393683,0.6800422380120714,0.425691875921208,0.6907421648921316,0.601761396902795,0.16832507409714847,0.7471818347077693,0.1472810448402008,0.41434998951995583,0.43755447524059465,0.6658729884133056,0.7394241625583043,0.7328216702599288,0.9194499082589697,0.6998216805465067,0.2867111109742896,0.6347780671568208,0.20488035276518796,0.34509838779217683,0.7416567172533106,0.7626179945700448,0.5148874673445312,0.7424092615832993,0.21236965527094398,0.7741285004648658,0.49866025736324715,0.5995847169676023,0.20370670863630247,0.850466693079003,0.7591024603949741,0.6322907948986322,0.6130343838158508,0.5644909242008651,0.7068057979354411,0.5482463684146102,0.5445473755341803,0.7844840737470342,0.8996986796887149,0.5068293588417507,0.1916259804175738,0.5692239925272615,0.3932812279937688,0.6849067087437515,0.7827062086010788,0.8336769320568126,0.4164144919956086,0.19065907523736028,0.5044952140319555,0.6274954359558789,0.4861357410364947,0.8626538299376765,0.7334979808965228,0.5599586531866607,0.6980619155171858,0.3839527383572064,0.8525839479750017,0.5878230738371968,0.7356513516217138,0.8084070742198309,0.3732582852632419,0.6033131545638208,0.4851561993356491,0.37600864104251414,0.18944837939408415,0.9488535254146043,0.30676959929455466,0.594982053016059,0.5986306238457706,0.6375417772920735,0.7358797714967896,0.29210959070807474,0.7164566170609824,0.38575842032095137,0.6377709167616277,0.48856515129226996,0.5462070051914204,0.6292366314241378,0.5038139937410965,0.5690523832218074,0.7967410288665371,0.7071720757927812,0.5231597434052941,0.5833863659480544,0.12335294697282198,0.351361308946344,0.7652930530619726,0.6660085268125717,0.7985423810729441,0.5965198220681346,0.5853323641838302,0.5514359861301147,0.6010181726993223,0.4796098677155316,0.5848789143256012,0.5540231673338054,0.522113840212153,0.3159927698908468,0.35141110834839884,0.7738828646801618,0.37982626976171685,0.8378526076251375,0.35480665080799256,0.35698973847434556,0.7066834960938374,0.7493279935799818,0.6359978151148846,0.3732700660873567,0.6642047060859179,0.15265026072778395,0.7800916194763813,0.8507501787999757,0.8751416194062821,0.7215645897555786,0.6849137162168335,0.6765483946070897,1.0,0.8779138193400168,0.6587204182313038,0.18329875446237232,0.6529775222493052,0.817548388243707,0.7728173711750724,0.37468988102371736,0.804927257504477,0.4820562335098039,0.410479959991612,0.8301098117023568,0.6107994860113817,0.7703695195830729,0.6858308748261103,0.561188574342412,0.28215768379012723
3.0,0.6511371538013858,0.7542147163914431,0.6685802314138615,0.8505622533628573,0.34973609960780794,0.4376486931547964,0.4040835837031561,0.47950224195549546,0.9292572556438741,0.47673470299607146,0.2571764199025413,0.28115728361840125,0.30526150338848673,0.39511877901730796,0.4181774090575113,0.2520107815074666,0.6951975280088705,0.9308480098927432,0.07657019657841999,0.6942577545285394,0.9247477014566354,0.8475813283791457,0.6435715713724869,0.8216290350217064,0.6493628864961486,0.34608254119557,0.907056087256568,0.6866906602116647,0.4815171003175825,0.18602594782682966,0.5044016569456832,0.7072245783521371,0.4907544000041768,0.5764465583486126,0.737213179723021,0.7502469509975438,0.637645689159932,0.4917296132482612,0.5044674979517432,0.5823437299275325,0.5119930882402831,0.4792090151295605,0.5358954651072357,0.6807724791840521,0.735853326944504,0.16315593362661804,0.0020209850298325252,0.39193683814781277,0.44831166341789364,0.10268719776987598,0.6350778146697271,0.32007239989383623,0.2366947427713056,0.49464071524035236,0.7222197136012752,0.73555821661279,0.8999297081844926,0.33178141814729684,0.9459331212808514,0.6897988123199368,0.596841980582934,0.6755933030942093,0.7745564985948562,0.32604792491273665,0.769936695118983,0.48315526480620863,0.35635332485467375,0.7045253182654719,0.5419318114638255,0.8829685956230807,0.31908314790077036,0.33276506482161117,0.7554746537775281,0.6105140897527981,0.5359988435132506,0.7151786072192268,0.6616405530827805,0.7000603285963667,0.8398060389207451,0.8160909755271771,0.4159228259228408,0.6847168765131117,0.5582588389962211,0.716700922567508,0.671307913283567,0.18946894973805883,0.7252115762190893,0.6984095808974858,0.4292136809957522,0.6377106922016915,0.07139170217545726,0.6371695861541768,0.46191715632755453,0.325288651270322,0.3308872630748049,0.6348522413470735,0.6810995568880212,0.6300246286225697,0.4410466137386478,0.7237564985722326,0.33031632576763037,0.5892004746351303,0.3889524876714391,0.6856694489548414,0.7683141736037017,0.690303060157444,0.6387315810676134,0.6611163498608361,0.6363341091324259,0.8169231798729159,0.7150139431030295,0.5644829867058407,0.3311097562208878,0.7034883102820987,0.6794840642829792,0.18925449097454114,0.8726178851503807,0.06026145146235884,0.8881201797567578,0.9678905297457219,0.36437231416789906,0.8290453862698303,0.23260952263561327,0.45930777066708467,0.41928540122969576,0.6028184954850421,0.8295657680495084,0.8344820677637715,0.7762501778038707,0.7604470240886722,0.42325155487262034,0.6934720599301119,0.45724824899478544,0.5423688945588995,0.7796680581121859,0.6586138892380877,0.6809097379596472,0.6480429719836799,0.3813188763183993,0.6280561951422902,0.756363129412346,0.5740074677762323,0.22569258226261335,0.8846902658131022,0.860340670835723,1.0,0.8184330131004871,0.5480745549060394,0.5994957915076187,0.330930396620683,0.7568459562481539,0.5829828718484358,0.7859691542205834,0.04821837586110838,0.41594135833103535,0.49052398570692063,0.3652592232263882,0.9685685740524492,0.6669710052820093,0.54618617168413,0.40528294736789516,0.17855499427568827,0.644907571257717,0.8497814090689981,0.5195866860797294,0.8628348492122103,0.8941157868600256,0.5085489429606754,0.7389751668517373,0.07192920646640912,0.8924589391852638,0.2613689474812234,0.8573332843304132,0.8912366016455278,0.36052642761234704,0.6672853329710319,0.32025651786188786,0.1550313747343316,0.3596590674779698,0.8320278548462636,0.46427222844778293,1.0,0.400611175312935,0.4438973416964709,0.6925792761803814,0.30994957178750404,0.38674269743828243,0.3661140654113681,0.564860960072791,0.5131896989766338,0.3677422047309383,0.5290219454832432,0.43176553026345366,0.3373141497827126,0.45431950545560995,0.7169814486356166,0.4978428713185122,0.6475106870055601,0.22367107774918163,0.42196969176916255,0.6260434400521857,0.6201980617152881,0.7097860527651504,0.8580705762750019,0.6949007714221838,0.5890752252986082,0.8129862179326,0.3793720376759622,0.586376202051512,0.688754242291405,0.943751551351868,0.3892412565104818,0.4647771578863594,0.6337224735721985,0.26270590474205163,0.8864630213772935,0.4784423746524993,0.5781763100648415,0.6525181459227052,0.8494732779256517,0.3696623160523949,0.5294656899326337,0.7239182071042941,0.7066742664748555,0.8891002661646809,0.6845225826888071,0.6956622769976034,0.7956075216238074,0.42733882300320164,0.30409468821527874,0.3957140283602797,0.7602031330925797,0.6049793063110764,0.36627981638213397,0.43022992139319594,0.6040395728113819,0.5920561688104958,0.6009980331912604,0.576050310376223,0.44248467371229705,0.13899952851738948,0.7185775372248023,0.7512054787687502,0.8931751998839763,0.8507007602997316,0.5842626255005322,0.8601099693268661
3.0,0.7523872583327001,0.45360392068921346,0.6314507747388715,0.7170380106450515,0.8076894938513568,0.35490411382421605,0.7122139755600652,0.7455325783345512,0.828847039305818,0.6303302579369614,0.5081370279305314,0.4544887873916681,0.2720029783263421,0.4607016445873541,0.58377933017751,0.05997598795861453,0.9437107123059832,0.6869712757583842,0.1951338135278602,0.6310308959741571,0.765401451904934,0.7905849144298692,0.5142227044418679,0.618164397677036,0.5717281650250362,0.5425296049210417,0.5786201310518844,0.5253056158136085,0.5668385267300962,0.6264551807990295,0.40218222740154447,0.5118162267901751,0.6662824971296514,0.8960329914137721,0.7028810282768967,0.01452025750807999,0.3514626691739662,0.5661585515955979,0.41171299789314675,0.6764422995185077,0.7077848463205881,0.3483318806717677,1.0,0.6853365616430238,0.6923846238247637,0.273509844824675,0.2031264491029411,0.2719757221581161,0.4988970749722533,0.6021354136218459,0.5890608973749428,0.38630140215097636,0.2625523492530295,0.5053844492567121,0.8043009063632025,0.6408229553398482,0.7317562478518812,0.5114709926510174,0.8069951045071229,0.7787149221245973,0.12018938971657646,0.8595471072070321,0.11867407059664356,0.6661308179805477,0.528665772088553,0.5293625833518613,0.3354654975302348,0.7935380954586435,0.3667699869818894,0.9256242879694055,0.530665962785823,0.30187723783668535,0.9784827564645024,0.44017101291353444,0.7021755335945489,0.566205819419961,0.19716889819638045,0.7329223807836083,0.8442191500020463,0.7949377131822535,0.7815462004516807,0.37623651482629467,0.39314501660693263,0.5328809700780284,0.6157650475241244,0.586964701491428,0.589749069028827,0.623681142134983,0.6848879040314602,0.3076789810768096,0.1611373713610301,0.5788762653042089,0.38359146479734346,0.6352271384846728,0.46250922364030167,0.6832714338737198,0.7234815700596772,0.7386553066460584,0.6572080288195755,0.6935819412048143,0.5301828687216539,0.6823755158048318,0.3900065277805143,0.6879851943210996,0.766465229433424,0.6988461194624525,0.7875897132483457,0.418091233769081,0.8231855735524345,0.6933035513166094,0.5140089788641897,0.7394686878369495,0.6483140954299845,0.603374595126864,0.7616872222101442,0.5021942542810126,0.624226289561845,0.5161878203293864,0.49468581787554766,0.8615174979732197,0.2187947318267747,0.941165800946056,0.6689623692397835,0.3895236191679225,0.29310121904965813,0.6528875102601415,0.6514146605263582,0.7403136638579676,0.6260242766446306,0.3575406091810859,0.6576601522989014,0.4219510228142558,0.5879548155357126,0.7560094701725634,0.47795516458644194,0.5781820106590566,0.6977198685220651,0.6771690440684728,0.38497744338256445,0.8027755399567973,0.6211102234396684,0.4967775649427278,0.484187974034704,0.8849157075820567,0.7956165978828206,0.3058233795731657,0.5376141422024822,0.5948977026618862,0.6464202499533774,0.5737741135893116,0.9001266704497142,0.42950278434512507,0.8693518769712385,0.6266429453188327,0.5496574086162461,0.2794968541921299,0.15692208238351205,0.7935667785480486,0.7329567594713489,0.7513951325682452,0.43114380670246844,0.185450324669699,0.6362671096349145,0.8403486497171715,0.7690991996136513,0.8760529308728351,0.6195392220534363,0.5648613271858455,0.46450213222750075,0.2492130184161932,0.7419404271898137,0.7040651356619141,0.5313788035131589,0.6634412151268713,0.5051761559172873,0.759281831365565,0.6574341805790742,0.5258879439674176,0.24824279507769295,0.48792033906931853,0.3452291593256912,0.6477064403235625,0.47317370063905917,0.5181003278789955,0.46994074756337534,0.40982515784921636,0.6558268669332105,0.7624473004320411,0.7194368624463557,0.5225130486665679,0.41117021291640693,0.5595042246864985,0.478608454361608,0.3366630036729391,0.6872663987686839,0.49681879827201647,0.3586166248827856,0.5761306978026351,0.7128755327083789,1.0,0.7548437559702189,0.49608576261318765,0.9109453763642639,0.9443457676765421,0.853378613395222,0.8046396604605404,0.702344502119944,0.5626377853527555,0.5954041817664509,0.5309819832408064,0.4103748276367833,0.21220199731402814,0.6470145820682023,0.6461130075400743,0.5784882550193277,0.2723533015332842,0.29300655526382885,0.6930400694522681,0.5855754677462419,0.6138225342396456,0.678563786092678,0.34238625749497864,0.8557915333517421,0.2933919908516127,0.9342664735060839,0.37402969865574304,0.059239711893985185,0.8092033707389734,0.6601206588120319,0.3881456263139052,0.41759862075331017,0.7085211556764704,0.6248747930467624,0.6269596826337726,0.39592739536649,0.5565375601894248,0.4764463029278288,0.7368467036081937,0.8252310018529284,0.3947303355301184,0.4541814394259841,0.33939047079549817,0.45772164502571516,0.713881370671336,0.7908237948282051,0.7404894897696109,0.3049549682371007
1.0,0.32347966303628795,0.827261219360462,0.37485969580320205,0.44780894394312803,0.5019802432914451,0.16291730367728727,0.2882993907762053,0.7786114747559939,0.7501629248430467,0.13602824239588118,0.3786332900249072,0.28609112166827344,0.4674887332900824,0.29048784529717,0.614325641451873,0.20939030249953736,0.28016719300297926,0.8274588950360326,0.1617593893576254,0.30903665599591673,0.8786526267920276,0.9620969849748523,0.5711362166599592,0.8634640640696849,0.8618780475711068,0.44617323808125353,0.5553601395869122,0.2810138598071259,0.4772400897570685,0.501739871673898,0.19618124428486308,0.7611341030254357,0.42465624197253915,0.6239836036133252,0.38150881522352487,0.4387218683495926,0.5545394345706601,0.37984943498110074,0.5455284011036077,0.5833173044068567,0.5553363920918627,0.5267333892831905,0.3128805636734655,0.3177475503500544,0.5346876287954451,0.23604449857914997,0.16845030271500636,0.33769374355785314,0.8970914030722373,0.19990587857778389,0.9114420347468033,0.22739719569804717,0.27170570931776034,0.3616695986159853,0.3234368529389116,0.7023528630536325,0.9003148705510832,0.733203009326201,0.918914896906744,0.36973412376411985,0.564354071949015,0.4390840680156133,0.677399366948766,0.38534288523333066,0.8246124937159516,0.3721728730284802,0.8590152739790582,0.5614859301193298,0.03191284787999273,0.6143669072377245,0.4077224606053311,0.24518770061227277,0.580423268594866,0.65599520373577,0.3151916687566494,0.9433816462585426,0.1872996442346399,0.40366332931542676,0.5806226296939183,0.6500713058550454,0.2637181054274996,0.5660935150877967,0.42813318516892784,0.14970456273452648,0.45711949196855833,0.3123291474873013,0.39392083307325493,0.22293246392910673,0.8392143302361232,0.9147668629341642,0.4269733927077811,0.7013944218851446,0.4902547000696052,0.2694290297313785,0.13802333825662738,0.45853047042457873,0.6670906664095185,0.5805159495835696,0.5981153295055084,0.5731006779349831,0.5362974078899508,0.509522501324924,0.4059152352364664,0.3781759238973123,0.5546509605594598,0.3296468197956468,0.573733306590608,0.41792793814407186,0.46218906935896714,0.03737211151737094,0.2179420233404378,0.5492504061220053,0.61579813197022,0.5061571771648677,0.49072587891734715,0.3785001857850824,0.8308595293785506,0.6387205619144121,0.16056422451622374,0.6546893359867387,0.49676231441685004,0.0,0.037027325933937566,0.32156094083195047,0.08935180092374782,0.5193920270148626,0.7009323410603223,0.3970643242939356,0.9525994597231814,0.666332677525248,0.18857773230814964,0.7119376772034133,0.7491025262693666,0.9136013248528894,0.5154034788016828,0.6415540788475671,0.2537779551224766,0.5922043822078468,0.17025510446312067,0.6396220051796954,0.8253306353500532,0.6392348654674934,0.29203598081434345,0.6544586019968726,0.5667372721055809,0.5395574688475941,0.441329230192552,0.12225543082952126,0.7373679594933581,0.2373807308756295,0.6816782438374182,0.6178916145135647,0.7378824161263614,0.4449345197234703,0.43972696911799447,0.33921499018850754,0.41898367618830284,0.8187783442380364,0.4996110155016797,0.3762708596940186,0.4775736443077264,0.1464190445384047,0.04020321887996153,0.35632002865043066,0.7051178674916537,0.6743473478787013,0.4637004617426939,0.5454895436031942,0.5018994772490015,0.25830823954053755,0.6267130707333518,0.13267381412644552,0.8202849591747747,0.5303045519839429,0.17726199456833847,0.5948603431849714,0.43391578763613037,0.5044547086423891,0.27869009382741394,0.7788655953288504,0.9258841237998113,0.7137087295444046,0.3158412798385913,0.6238045942996717,0.27146397795463617,0.10161197880919244,0.25196963100685116,0.2142343156088806,0.26523870116784215,0.48564449949141997,0.9163873253796255,0.5845738450863703,0.3532400736907254,0.7198698221015624,0.7838445976567193,0.6166475122426915,0.8486306898034283,0.27340867386224743,0.07465611496586796,0.16034987031467998,0.5276206620298557,0.5679007599276051,0.5700318887020221,0.4597752776261761,0.32182343358618265,0.4145680300592157,0.9068123035839525,0.6627113650148871,0.7784352430232747,0.36249960556311567,0.41264101577269807,0.272787592992075,0.5387494708513422,0.5936852168232863,0.8618642454085776,0.6587954811216187,0.8887299878755119,0.4279327711921469,0.7005468895658511,0.6426552024919647,0.12215905035400301,0.04943705721845707,0.7202705637370116,0.908739485022124,0.6016172786468441,0.5173597522935357,0.7454419215088474,0.8300274416556674,0.04405677599035994,0.34364670853134566,0.6173126173933703,0.40921430968866646,0.5958054319620185,0.11577553291593197,0.27061655411330116,0.44986568992753456,0.37004227826184577,0.24011991796205645,0.7755335777903416,0.32035537368561867,0.6060039082206566,0.23260071251619605,0.19245982191455316,0.8563965053916676,0.5978107920676616,0.3309310372928605,0.28286063337551753
4.0,0.6044787376875149,0.6916576592801512,0.5350382070657164,0.5635168308605325,0.40062355307622266,0.6449930531597424,0.5944383966079236,0.5966018201734786,0.7569932510416326,0.5216060466150712,0.4409592737723981,0.1709787198494062,0.37752321082371315,0.4210496955502128,0.2976411562128942,0.4372251082981885,0.2926237239886672,0.9545898519318633,0.4450309669549738,0.6168231390847412,0.33375547589954135,0.8112484355371948,0.7654585469145763,0.7766159060351696,0.5141933602995629,0.2519405482519764,0.5563064767445354,0.2887220790440783,0.6713916457042619,0.4936470548187508,0.5165157885025626,0.06969365005568605,0.38376690213319153,0.341514700127634,0.6466639163698856,0.7570059101912896,0.6030200461082812,0.5490943487065525,0.5034283758729688,0.8606730009742468,1.0,0.7485561842812608,0.4160399834476059,0.7660969010797457,0.44552394362642683,0.0,0.13406413077241347,0.25518088938592864,0.3703646579855002,0.6158793597647195,0.544097503008994,0.23487838484787485,0.3711021538702435,0.5873356117397813,0.22209297792602292,0.6202904358574401,0.8160362311612694,0.5507181339949645,0.787312164092679,0.3904679839084891,0.40910408383213515,0.5915053788762485,0.7754325220985321,0.6855297663098647,0.6708284134131492,0.036331088315545344,0.5916196032583922,0.3774727273785396,0.5724207330090427,0.4626471408215218,0.5465891286770751,0.4798501268647218,0.39066655854378807,0.5918971875872818,0.6747567457640025,0.7766269497948474,0.663082283855756,0.4926825997525995,0.6816024380756623,0.6590460416720842,0.6464000897640548,0.5867398871260251,0.43378472326293277,0.5888987408457997,0.602610565800026,0.0,0.41862877131003146,0.3292698873987733,0.6256746086006648,0.8548687587380216,0.2833526962098891,0.4756138398109993,0.3134561166557101,0.9443549968983214,0.3576319214692786,0.5451662456915528,0.7618917400990878,0.6538544148784406,0.5743091619438471,0.48101502099337445,0.2831276772445485,0.6350778986543835,0.4020705538292254,0.4975808362328238,0.708868515123304,0.5282638567863024,0.5976851085119094,0.2730618222182929,0.5886950276701618,0.4603596800701842,0.131714128930877,0.6242389207940733,0.5940827883005909,0.653897284480399,0.47442074633779857,0.37047027839196234,0.8655913315795211,0.5876916003797042,0.5718405639953682,0.6694953980042225,0.2946590391177104,0.5647679281342152,0.13751839033009094,0.34551606626059556,0.5189918773709038,0.46962722737176965,0.618132306775147,0.6687361268349284,0.6898493105660972,0.6348937532257264,0.3385219773847395,0.5092457193878555,0.47385600866938044,1.0,0.5515354189369097,0.6408177193540202,0.16854293716807484,0.7468381654299842,0.8421155204368286,0.7619276656560298,0.5333015972176264,0.5470916710916469,0.1849691019238929,0.6688407939099353,0.561270613142997,0.500561181343019,0.5638864479429044,0.24582487312416157,0.6686482217604037,0.5674653028130988,0.5404647814787771,0.6087035793512713,0.8738171848982406,0.7701955027717985,0.3939064955794805,0.40944911982314125,0.2967526529262699,0.7703327767936153,0.6011596629667314,0.38128344508327694,0.22220261661868512,0.24512458814938237,0.474512464518085,0.4672379321017869,0.7941747220171521,0.602115330100106,0.5755740609102507,0.5597998213675556,0.6196585301457569,0.44611481867717084,0.6617865942406229,0.5361194432950048,0.40355438425693263,0.6677210735333363,0.12092325487742318,0.5157679723292391,0.5731860709456953,0.3854139223659356,0.5814479598822356,0.693751929659723,0.5925293094897796,0.6484069956926316,0.41478460515843946,0.662796086069465,0.5982305304442562,0.5083539503240513,0.5210281648330997,0.583594502415268,0.5591556973292893,0.48319663295730586,0.6285797877694722,0.5894215477659234,0.5417646711704999,0.831792946066019,0.7608575802005816,0.7290993068416363,0.532539876743705,0.5698627001793847,0.6230516382103104,0.2210205908234808,0.3715347873414121,0.6234989711517618,0.6287798827944143,0.4488834740496213,0.19574386724338905,0.4366059926854494,0.3443105546980524,0.34583412823114384,0.7396204062718426,0.49966663437301184,0.6331940797383705,0.307167224442046,0.8283597493280936,0.615933193618106,0.5337730168999913,0.9584422264587122,0.08103606428303053,0.45234063685241627,0.6319173939558672,0.5543226824051604,0.4557280346641766,0.7626244996594217,0.7283101748703421,0.10401421316827286,0.6261553530825236,0.9410102082367553,0.7051257944860647,0.8804370179268929,0.21462879036188637,0.4842088483843631,0.5723268161824887,0.6234783953913424,0.7268417102299204,0.5794683676179205,0.5495424183974541,0.8599479073023844,0.6641070105170914,0.4408769246355321,0.7844657629884402,0.3957994126923987,0.5852843490989696,0.6650118332446198,0.534848654983677,0.7616869741026369,0.584927294050263,0.47170286652292287,0.39805856832650155
2.0,0.7139323175779044,0.6751952133515916,0.5451942476483934,0.35660547778867696,0.4963856044368765,0.5583477367506198,0.2999167510483101,0.7995328418162413,0.9064827911272467,0.30854964872942564,0.3580315888196717,0.33257289121928507,0.464411217689316,0.3082543365454198,0.10715637261737045,0.32019619419889,0.5636686489067234,0.6823887827461584,0.4742819903231162,0.49862179144207,0.9381177604284657,0.8273658306286354,0.4717734368887907,0.8065899359367049,0.6919318038050664,0.6834996016343354,0.2823782345164431,0.6344178609403112,0.5430587462895353,0.259440292188269,0.2959600337533755,0.6987730676274917,0.44753520393783763,0.6799538338755768,0.654522278164418,0.8102402921703596,0.7833479241886385,0.4337099455791263,0.6235286993920501,0.8809110423971284,0.5241004079339505,0.9606227098623435,0.519341819552996,0.7804485402959378,0.8848480139015622,0.25381053354058475,0.30634429663234275,0.15671818216549585,0.6904972977617692,0.15128661445191197,0.6979817141565481,0.43799838699314503,0.45607897658219754,0.3899126022123397,0.4625072772616338,0.7006777163298388,0.6984665725327398,0.19810611691867552,0.7801309741345686,0.5999558638114757,0.5588069916823005,0.68743515937746,0.8997271880777654,0.21844230890839256,0.8481168787173522,0.12866470993191056,0.596479003208002,0.7343686905719874,0.6563877470109206,0.7122921878652296,0.13484301977646557,0.35423685758352635,0.6223138005701668,0.24238311888946518,0.7662120786717062,0.42868305916234495,0.42007649380013795,0.6106655872360855,0.7930836439075936,0.9149087673132507,0.4867696454746436,0.8188162398516169,0.410590423187139,0.5636390634609172,0.6444576644286899,0.27450520264082284,0.6625675098784775,0.7067126600831594,0.5750994600531243,0.5923442248472683,0.35584209296500907,0.5798067766555125,0.549050423427651,0.36283341407081066,0.5267240114365235,0.2641199476939253,0.7109860613288161,0.6228700863167462,0.48740817370351097,0.7964465713265798,0.4863763359839577,1.0,0.1933609555317916,0.6014364295074234,0.6388016262133182,0.6059521788364678,0.8629034784927125,0.14207277117345177,0.4950267916883073,0.671871732145264,0.20217959376255415,0.6018627706864669,0.40559007490928695,0.43355568130639094,0.7201130451293053,0.2758369632263915,0.8851233736531467,0.694047061672111,0.5489292113068722,0.7643489205079719,0.3390338929684033,0.6848635717410783,0.5627808172324072,0.2954144105553193,0.2605579013017546,0.6906045439998864,0.43156155329488,0.9009180840594592,0.5977720149586175,0.5077458752040662,0.29448684085700033,0.6147464444716051,0.5670199566238879,0.5091004255194226,0.758029093352449,0.5133543947974014,0.7717637053531986,0.8268352382701161,0.4984793915261245,0.5764996621429789,0.7694127651744446,0.6145649608365148,0.35018052991725107,0.8415711482329,0.8061336880289153,0.6586849954940506,0.47567576001382506,0.4110751757735237,0.30662108484770306,0.570031353600866,0.49715441925319637,0.6778575528341002,0.7614554875766192,0.44128168956859587,0.5144704500642847,0.41860270531894966,0.5361860791406324,0.7459389589941706,0.7243430878080845,0.5465288203425276,0.27027270040689194,0.27212399755524364,0.9302053794380982,0.839878426700799,0.6312126595591506,0.7518229117589035,0.7924630657627771,0.5298211186506109,0.6950299953822489,0.21512578335942023,0.6311816271512877,0.2613689474812234,0.6591133498129512,0.9450469518011129,0.3898503702952867,0.8938711049665136,0.39110102669106467,0.35504676222519715,0.34264174174230155,0.6753648862921001,0.560956757027493,0.6834189786490811,0.4665849929353392,0.3058393707036694,0.5844810625318215,0.6549554518181581,0.5402327699015902,0.3995873370051142,0.7441414174905333,0.45821263347242946,0.636584496987515,0.490453829625525,0.5703683357674084,0.5648154014370868,0.5893403558064126,0.619698187097344,0.7394744964029497,0.6309818834171572,0.1951639244183658,0.3130856752334276,0.6601835675409985,0.3209099608218892,0.6889296121900786,0.5459408508036875,0.820925091887772,0.5144354504244476,0.8457845333767249,0.8467647391511207,0.5434710752630455,0.41934638418699555,0.6709894855721812,0.21037873847838487,0.8174457895894705,0.7546692045225812,0.5569747694279591,0.7052561137366383,0.7116331121364113,0.3676500619479244,0.10311278515899483,0.837355026829257,0.5251026134101368,0.36215048359899826,0.8257169322214225,0.56981704639271,0.6265295468092741,0.46702771226799394,0.5427905280083197,0.8257944830482914,0.3625447475794915,0.43433864440061104,0.2598317014840962,0.6546548693667278,0.6466187332269258,0.3976518941135041,0.33575854635174435,0.48413589808731533,0.7212948678090216,0.5112017691370581,0.7796060980054358,0.42384860986203915,0.4718201319833338,0.23877181813623707,0.5177972188343837,0.8084327548772451,0.6376315517417463,0.5092308602986965,0.44898241389203436
1.0,0.7465442315171724,0.7214260071439919,0.472160325457305,0.620729021061533,0.602363731326922,0.3123069744739389,0.1827943657376094,0.8282044386462301,0.7006994863038816,0.4845300730751496,0.14065467681816418,0.34333878333945256,0.46254861069184317,0.257649278021104,0.4545304340695348,0.25987833776530644,0.04158810307879391,0.8353067347621799,0.30536500074970996,0.4595122489187115,0.974125256044973,0.9872228564878077,0.638878335276388,0.8822167485429888,1.0,0.6317428047972484,0.47004456114560716,0.7096543651608925,0.37531678942441526,0.8083423487309982,0.05750780102306213,0.8868496059525853,0.5075642647042921,0.49430741786154564,0.8784407084631811,0.5592422581947379,0.6610094832390545,0.41530388338843405,0.6988805075367556,0.8316931884613924,0.5395178522919438,0.6197769279015254,0.13082095698482885,0.6226480629675663,0.5715403864765849,0.19231822215823927,0.028160687062740775,0.4556348970147863,0.8775546688414713,0.0,0.923512370843667,0.4316956856473982,0.37768631730187374,0.3677860725936755,0.09459088659226589,0.7987178537431449,0.8567597521114536,0.9063170487214566,0.8811056525697472,0.44179424647892884,0.819699338955704,0.48516195766850445,0.6040408079101276,0.19522902595474909,0.7365133631806027,0.5245606200717213,0.9428308046462046,0.5406520822185453,0.3042657813331187,0.4195621511889167,0.4478792989661344,0.20241905369069121,0.6004581769312762,0.34302588256889976,0.7165620642576358,0.6694751948976269,0.3478534321002186,0.42313848415176275,0.6281173825673714,0.651520886164087,0.15192115405423207,0.3708177135445882,0.40453518306031705,0.34986035378564895,0.7232229772044562,0.5647444341899649,0.3278389504814352,0.5614606260673412,0.8130698999425237,0.8691376350132485,0.3364418930024573,0.7849256821516744,0.5354584135113479,0.12518545628768826,0.18138152530321103,0.5985106639144788,0.6896376973114611,0.7422129006995665,0.4875694860625837,0.4796996684574707,0.5524925449570143,0.6514491832858815,0.3803102393803322,0.24222877805939036,0.2737024456153114,0.700706439464587,0.6632097909249912,0.4580529448115272,0.3365240556519403,0.47545724200187045,0.38509454344297156,0.43565645960383975,0.6117486172849759,0.4524186060396315,0.5232774478621501,0.2080947363154275,0.5405513866066238,0.5840613528186358,0.10210908361679678,0.6306100243454557,0.3491732085401424,0.6419665130151907,0.18991191245462022,0.26682048827471405,0.5589615705161752,0.491956977097188,0.6836758259236749,0.5185032297669911,0.8540135927108493,0.6224272463698689,0.5789585579389733,0.7498953622091341,0.9383844939264909,0.8688704640448671,0.7822330134893872,0.5712688354777578,0.4990635352010778,0.4744537830800535,0.20526100357242957,0.6627517371494176,0.8589909797849856,0.6218352943216586,0.2844263734707356,0.8000155112406511,0.7645462442099361,0.49909020051792075,0.4795686670394166,0.1658669127348003,0.8190701453039944,0.24464822932139732,0.3581328231853957,0.674767277260122,0.747881132673354,0.21591054049518513,0.3859345459367008,0.40681311983282015,0.2948378202363943,0.8918289523638315,0.7315332417362833,0.37554566819615914,0.40313973467175973,0.10856677932601148,0.2396552254528224,0.7091882207621972,0.4656949231622472,0.56889283828957,0.6664598223178674,0.438917398254618,0.7894392652612561,0.21137941530927673,0.7100426063259975,0.13990929902779864,0.3148186826674193,0.7823051641306527,0.41633425426754034,0.3669214237096245,0.38443669513179757,0.5560858130639637,0.16745162081834863,0.598453689335174,0.8052349068946532,0.8272071376970426,0.25603579297893425,0.45312005582440557,0.2788251641164022,0.18971880801514518,0.3503521751293718,0.2681038022009002,0.5276417901370368,0.5427811892121712,0.8306813589878033,0.49444638513887945,0.4068667853834347,0.7427181763914439,0.4804303878874631,0.5416584378739467,0.9607173207716988,0.9397940628933906,0.7338217678286377,0.5367284089660114,0.6382271716383047,0.5767430448535223,0.6572875065606475,0.4556720427828206,0.44607324462301273,0.33408060545191537,0.925548393604976,0.43493799453700926,0.8505437852164774,0.42960772634529,0.27175019613027257,0.39367800476386844,0.7165772106166863,0.6492493720350135,0.8446547873838222,0.5741884389791748,0.6313749693734554,0.48166003912687844,0.5072620544319538,0.7949343960925603,0.08446562775676592,0.2216235643601869,0.782622525794796,0.9581676280758135,0.5975039682357028,0.6385868187134,0.6332528858242417,0.8090525227786702,0.2545266734439438,0.13967049951425622,0.47124776887017933,0.8395237117186276,0.5022423734391283,0.2298498567851262,0.29086530510438474,0.5927071605587282,0.43669825344659197,0.31533297395090726,0.7437352781836096,0.4156973489097799,0.312510220166976,0.05976500071256199,0.5010649377143945,0.8871327938847837,0.5444710566736928,0.4562397098117222,0.2971213212282926
2.0,0.40893774612210476,0.5727823573699108,0.4479501609987098,0.7466651440401023,0.49070985125927913,0.27043827415665506,0.47449896117966067,0.8404800513219237,0.7232168758799169,0.453891278367107,0.37882899700063,0.25139639013964227,0.23983929937246481,0.37518973610128503,0.7274702517199247,0.37329567076678166,0.39822128510057175,0.8484609646518146,0.3493714793536164,0.3684091779935324,0.8341654053023538,0.9534743963691139,0.780970434572354,0.826078959506986,0.7708158018561945,0.5354119536966228,0.4208217936104673,0.4187863594286383,0.6338433212078979,0.5720697389164332,0.004493957442885042,0.7343264213359234,0.4273763579238273,0.46980353905025807,0.5899127266640174,0.7283763910495152,0.7076440605240282,0.4954116570099767,0.5312686831754626,0.6257922448947352,0.7553532317759684,0.44711055817656287,0.3267825671476675,0.48322878847228723,0.45393825885165806,0.05058599563510978,0.12020329687326951,0.2667289180331407,0.8776758648742717,0.49270365111940406,0.862237260978776,0.5397820029819744,0.14526883792925624,0.4859487388244115,0.35080369596069855,0.759984825780616,0.8902684009633185,0.6761019903101188,0.8835204803586632,0.6857254999729825,0.699731137652167,0.5154687003744295,0.518545530920948,0.23662861384313796,0.849514632363751,0.3439611691960978,0.7324369488773567,0.40293101776384715,0.00957026686702717,0.5822644600840705,0.48022864102272506,0.3724663749222492,0.659134563944124,0.23020430583952686,0.4907772153795309,0.656544373214386,0.3145414532879683,0.4455794791909719,0.7461693467192156,0.5243887574369224,0.38351614005103046,0.4400800823495554,0.3180066315867791,0.3585394410634921,0.601209642128421,0.37598193354508774,0.5085210458680369,0.3355707855054057,0.8264777717155329,0.7481890362860526,0.48654569324559105,0.5238688563936462,0.34562347403856375,0.7429966352120414,0.3886796336853441,0.5062397605382939,0.398197727996711,0.6579353591100124,0.5583053555338479,0.7164874272031293,0.5116534308128745,0.5684469218666621,0.45252156185388964,0.48976037185113175,0.25114736123999004,0.44661663232332766,0.18125074891791806,0.48408331655428205,0.5061204766175483,0.3461425594785335,0.2855388165880881,0.722836773368676,0.5144820699559963,0.5838695577148344,0.20445435211733762,0.44248328024916533,0.719892654100275,0.707230781918512,0.37688378078828816,0.6598695577625531,0.3552177369284187,0.5792928534754893,0.07751171626590468,0.39677182662549004,0.4382300948813253,0.42631985352775914,0.5386805796071166,0.44819942282832126,0.7114934087375993,0.6217239314997428,0.12004478580801173,0.7255774875874906,0.6840511587477675,0.7628121696483867,0.3244200553534839,0.648954000195215,0.780819899469815,0.6642934395962747,0.2455813520477251,0.6795977557447507,0.7268461414923915,0.5044928557273843,0.40139685864347874,0.6700109307070118,0.6447785967190471,0.6605095964848904,0.35157111175022104,0.31212435556559964,0.6053787584960465,0.43741628202730626,0.647044028556478,0.6805853351278394,0.8802239708910788,0.45826758268501283,0.39325075725971204,0.4936816244293757,0.4021200296301349,0.42838927197909316,0.5288478562011623,0.6281992408725405,0.5049154686682945,0.07042739067684711,0.21893927941881172,0.22278420911848032,0.3462700655910778,0.7446889601887619,0.4769944212101501,0.36747570422504644,0.46799644750111546,0.22454016495596024,0.629400986587436,0.15379290914857396,0.37580209256800745,0.6415628408748427,0.06469620079674591,0.31747748078263976,0.4051283297735049,0.5529293242436129,0.17445545643617769,0.5366500579907264,0.7500172925783677,0.739379519823393,0.42265927500376005,0.5411133937779677,0.33239652324883756,0.3566010730783111,0.3315467503969256,0.4522360946956044,0.6125687729200098,0.5059601892650237,0.7147536618548466,0.6200825470765509,0.35318860667602037,0.7155909594357508,0.5657061758098987,0.7184639113090714,0.7964245240593356,0.42116429109186965,0.07465611496586796,0.3297543180219721,0.6951382733092241,0.6182275946795949,0.6189172540983036,0.5875167777662118,0.6225217123100497,0.4690302972751214,0.7839782793694502,0.6654229052848891,0.7166422460465469,0.3860161012374434,0.5920446430579477,0.272787592992075,0.8068725284862795,0.8219895297962563,0.6197040952497739,0.812731694571833,0.7774342152820335,0.6057055036887287,0.7345355049384368,0.627363210261098,0.4251789397969894,0.44247368241664115,0.629640981541389,0.8680451425212848,0.40382047299582763,0.8219046028286047,0.6991616351736469,0.6810403993628801,0.23527338083099641,0.3526247478478451,0.6814175101920448,0.5480981603450478,0.5915622868322541,0.2005951939847646,0.4605100952125396,0.7788733589355675,0.47256228093011887,0.49838900686137644,0.717717288533959,0.39007159567608546,0.4571628608468364,0.36565450510479425,0.3558697377801266,0.8625398540885667,0.551307165071415,0.08114832185944307,0.25717649639455886
1.0,0.5413985355927122,0.7662985865550247,0.4361597305758658,0.9312393760414849,0.5796821544043073,0.4203048622655551,0.0,0.7705569752505071,0.39871217663134007,0.5489134773479736,0.12845854214049304,0.30957438848930957,0.2438963859136127,0.20553656852146665,0.45703969636442987,0.188396446515814,0.44688879405584014,0.8465953162335879,0.11216507007597964,0.46787339695611224,0.9983636800633948,0.9445611513849276,0.6363402807862947,0.8839902378998536,0.9893596994011854,0.7602094119072197,0.3376754919282328,0.6324764874975342,0.43903286333052405,0.6380210619824678,0.5778438423163518,0.8430887595232642,0.5187770588062806,0.12415887919022184,0.805132933520509,0.8733232782297075,0.6593149655570029,0.3691518065280045,0.657268385912343,0.8939679293632985,0.5470574205430849,0.5974062311768452,0.32012324595776553,0.6943321946897483,0.5906673725106251,0.19592818977708862,0.1599531122987332,0.29105438002687,0.7654158717953817,0.2784998891760439,0.9335052027426629,0.31458143289510915,0.3548835627687796,0.43050753800393243,0.0,0.7931500079907255,0.7966164820624081,0.8989210874342032,0.8726485954658182,0.7895444232113789,0.4055933946260924,0.8207755574158813,0.7512710343063752,0.25883953620710254,0.7657186622762779,0.35247173367594176,0.8474473180173772,0.9394571950121037,0.3158810894861333,0.7004427532891292,0.3576403247254862,0.4047930358948256,0.8963520781755743,0.2650947479896728,0.46482887262902484,0.7128855936747199,0.48305068274121593,0.3033592856323281,0.706709463838935,0.9616345978328292,0.111016283237134,0.5276570782604846,0.507387918626743,0.4058341393704042,0.601794027032746,0.4611648767160321,0.3620374373143232,0.71689580673238,0.9046842786595911,0.973762890622305,0.345629480292867,0.7987026722181199,0.5347177730517446,0.9239227359429519,0.19367515325661658,0.41608188113339517,0.6154464574627668,0.3930973165822237,0.5186035242440717,0.7599560635814712,0.5914220468807954,0.5898231024081573,0.40619014589657304,0.5434223621326211,0.2479182190385695,0.681613658379325,0.6456205826794396,0.3756585915774781,0.6264595073207494,0.7395610541754857,0.33481619409020735,0.4865281165512663,0.61222627240248,0.5842905709130948,0.5673500013164524,0.44800936156053317,0.8478009390163752,0.6700219612794259,0.062038970030919245,0.7343922008041001,0.335731666810053,0.6269352871658216,0.27213636262522706,0.0,0.3983661995217461,0.5345622720591946,0.8522711350488306,0.8336586972088994,0.7480467129496674,0.6530961218785846,0.37506544594955815,0.8736212449518873,1.0,0.8247659936947134,0.8469105462549096,0.4868992272612389,0.7015020139409932,0.5170290936554288,0.3161587908339794,0.6467813435396609,0.9042670215712817,0.6346462228519616,0.4696734781974308,0.8697675558318955,0.9059408681137158,0.34002618664839124,0.5829651673023327,0.3322126094892533,0.7997482078934336,0.28835241248055893,0.6593780239341085,0.6281359635773901,0.7868444779594091,0.35564188661556195,0.3061862551930719,0.29332007825028444,0.5492970943524731,0.6306967540157321,0.8609617171644688,0.34611962593627776,0.3550212258975354,0.19613818937317937,0.4545942459717326,0.5974780769479788,0.5376967104515105,0.7620231829233943,0.9458949489999103,0.3920532899794528,0.7139527466662948,0.21180755345434185,0.5459679659860918,0.18671109840927957,0.5482707780151472,0.6503132640407856,0.7779025732316167,0.6912372597939397,0.4272494669105621,0.640714176766789,0.3430368979839784,0.788988170332147,0.818416439840656,0.8721803635909602,0.33546270922341853,0.5049796249081151,0.3006559604865844,0.23626528462304566,0.5874955239395423,0.3687212239612714,0.7001200950622917,0.5222756941962717,0.834021233420199,0.6045176402195503,0.2281643206616134,0.6619621515543013,0.5695175734830007,0.6454490137203694,0.9318333127909145,0.5675550712496183,0.5201244640752112,0.40063976068496177,0.6038805621829898,0.4992889381538435,0.3266975616146437,0.5095723541307644,0.6438463925992493,0.16087522634845847,0.9497982231434307,0.5531770010410362,0.5047203866933514,0.4101271095592128,0.40417860593521676,0.3611888167474846,0.580678862534808,0.366265928024694,0.7326293788944178,0.6568712039520341,0.6859308494109196,0.44494104521756445,0.6291097292987451,0.8380401899052411,0.08472761023278097,0.42280747594656964,0.8554217794006154,0.9536363155015712,0.6666400693701181,0.5366710586368807,0.5800912016790152,0.8091656672775921,0.40950310503457404,0.08084269419030489,0.5338004780619119,0.2722545470204653,0.4640560898656173,0.31078678238975654,0.376903413725586,0.5257777670791103,0.31904907146905614,0.0,0.7747022899461425,0.4063687090103299,0.2078781345142767,0.0929397068735813,0.5345428350810856,0.9713933983254122,0.5145724078008674,0.4665032633624744,0.14394394642590655
3.0,0.5744598969597317,0.561066336787455,0.608586367256487,0.7844976344548485,0.46669048220609555,0.7689218235013486,0.6182285599320613,0.5450063904723653,0.8946477955216564,0.5010150504528339,0.3682039144568985,0.4371357548939848,0.8452556314625443,0.6206493958669906,0.8134137179978056,0.43943666993489755,0.3993979120316662,0.33688612973873117,0.6960899705935035,1.0,0.7466761639513007,0.5476670844274681,0.4599660944315011,0.4612486439863549,0.2554149541071615,0.21727526887047752,0.46626094949404795,0.2724884967565509,0.5511652069170189,0.6274841643106686,0.6168359138923414,0.3813029873987854,0.5410670513883462,0.6045731247343304,0.47258098141974886,0.4615022201484924,0.6582926364396016,0.6513301096666746,0.9314678584025554,0.5512438880188618,0.741002312490128,0.5359634527336304,0.6817039021692523,0.7657762966084719,0.7850007862813871,0.4291192774534304,0.15792169547945575,0.17816084393995404,0.2470992147149119,0.6108763717090149,0.4157738250707374,0.6924380203436269,0.8900192391059067,0.5028111966653975,0.24601372848379652,0.8531091892488125,0.5658979423611814,0.2943507751945193,0.7202700678283596,0.2513281869032041,0.6017999677511127,0.7893624706805615,0.6135483381401545,0.6362488881320131,0.6562996962923529,0.4287665922437381,0.131641216253419,0.44259947025787283,0.3226558011403982,0.7621915721925284,0.4110755632911301,0.5353126172205148,0.5046083724325218,0.38385293699313533,0.11036906298931812,0.0,0.3467776971689086,0.628909823384788,0.5158724406698207,0.6445880306533965,0.8087676231006258,0.9216217675155378,0.329633522732923,0.6288943185214098,0.6775044773138298,0.5578694052046712,0.9107564187265093,0.38689359314433264,0.4890119324118857,0.5078714943859963,0.49967683917261757,0.4786475431055139,0.7874002262912547,0.37433644521758586,0.6643802241526544,0.6971871594219861,0.7215018393937918,0.381333724899633,0.7975661758862852,0.9287021094426782,0.2975662657292421,0.45636902590595485,0.43212323870467845,0.4219256687453919,0.8431813086252475,0.4521576472419657,0.6634413290591897,0.2338671737632515,0.7775273338184729,0.39844848978851966,0.6052969683086152,0.7439563538679625,0.6124649753959817,0.6013539952217334,0.6908700098363689,0.31600444919186516,0.0,0.43217420843358917,0.14978796814588624,0.6095677392706599,0.4050736194475336,0.7359881550300266,0.660368409019379,0.43881975552322494,0.4856086096341799,0.7728181612163698,0.7413042633262313,0.7307566563944874,0.8953236012922428,0.46936413543108746,0.37110248870485746,0.3979103792881168,0.7201874522490768,0.589837584482389,0.8237359712951667,0.1616233251647843,0.7043112786286604,0.8473366354242756,0.5030945646734517,0.8834117414025302,0.6037457436128033,0.5532743446373902,0.2529214181100091,0.0,0.6345830599621055,0.6023164707935453,0.6103395844395066,0.7556159259230741,0.5837952911627311,0.7826406007104835,0.7177141315604874,0.26313199553588257,0.9222991498886659,0.7978208973271346,0.4041949164882071,0.1671493895933842,0.9154285786448983,0.7468005355788346,0.5695381906957123,0.3875699472282801,0.4217757966061346,0.3198383192830384,0.7475943713926027,0.5822872617028411,0.488753315135168,0.6621901657830095,0.3377025746740841,0.6923876737246721,0.3594996523817423,0.4230816079567306,0.6459650462884176,0.8290480735928254,0.4944686617525925,0.5836229094906603,0.2446250674688711,0.6697018397981062,0.4911447197064414,0.5229058310377196,0.3986764820972934,0.6040837365202474,0.25490091892108374,0.6698753181289979,0.7483600240220533,0.5120896565014529,0.3357136456420486,0.809018688967459,0.524956088738267,0.672335061857214,0.7136107123578069,0.5189780373274234,0.6813074625027574,0.7370566090753834,0.7746094158969746,0.6855682778769664,0.696491958615249,0.5237849947786473,0.39882318552367785,0.562341751983672,0.1693640194704139,0.3120149418483749,0.5954998059114409,0.0,0.6845931672042949,0.6173292651160286,0.541099178452148,0.5681569602572363,0.7566556109679423,0.9017112653451552,0.5513811445326702,0.459072933705794,0.6616121127591277,0.5136905340638998,0.4128994372724159,0.6759817085178539,0.8435427035966072,0.6538002399345468,0.10471729092314506,0.5286466000342086,0.668923896361768,0.478440203942661,0.7684670504405153,0.4692440294368779,0.46574550347057087,0.06845116989599058,0.44405718926330423,0.5813587049359759,0.018520393562072128,0.7567082953469325,0.5638206131331682,0.709969715200887,0.6053249944766115,1.0,0.9443896003964483,0.9796532220404215,0.7391715612797835,0.3405164686597339,0.697908794481516,0.5512297707874138,0.8096335685328591,0.584390987795483,0.6488742019486399,0.5031302304021648,0.5710559304361303,0.4118604277044953,0.42272846414542536,0.9294271282856876,0.47860767803363563
3.0,0.1430313776012249,0.7252808867682023,0.5944929791672823,0.775919832748079,0.6569911120426544,0.3713085268878109,0.6997326056164869,0.9155472800087637,0.7888762717755805,0.4522554676166077,0.7543252210282128,0.5342593894692,1.0,0.5997526350730773,0.8159827370419073,1.0,0.0,0.0,0.1805910035988518,0.42418801478928553,0.6853394793820805,0.5411304872186148,0.047674200273908146,0.6103220484350065,0.3312435774063787,0.38834535585113744,0.5280486023725646,0.31990851637613177,1.0,0.3447697660222174,0.4962762426020215,0.24522381805332,0.5486936518781058,0.582790019577776,0.6910138685869059,0.7028132474739194,0.8584561286768051,0.5591773684958651,0.4832546575651603,0.6980041521787519,0.350001600717675,0.9521760048993531,0.012926535623732983,0.5983665273034456,0.22398341514402167,0.27968938860786,0.0680615278255277,0.35541403962086904,0.4298030692729763,0.3419745736467089,0.0,0.6074686766986516,0.3654527920863407,0.6343891228101165,0.1602993350344301,1.0,0.769206547415947,0.5055832810198401,0.7267098477124753,0.14004038134182922,0.10971672225876568,0.5152208198385406,0.11132056490406865,0.6276627492126198,0.9548334113507091,0.4484580883072741,0.3042374723604263,0.8307080561747423,0.19778942414376932,0.432950400566225,0.6308327818159176,0.5235098529237165,0.8549321479190248,0.0,0.9174246989292629,0.013072260319236993,1.0,0.21127417498997667,0.0,0.5973662439817066,0.8519598474227267,0.6249269610745481,0.12726248160996,0.1272034234257375,0.7457073386173423,0.43548585295866366,0.6502130166379566,0.3156507249728649,0.3568116343398502,0.06429132801349606,0.41399389597057684,0.7683945584617641,1.0,0.3198924588862593,0.6651568455977164,0.4751878523455361,0.357160103877536,0.5237847078410324,0.0,0.5431369584936621,0.3294514391279224,0.5317592403140956,0.36784133456605395,0.1299213479614273,0.6922377955978725,0.15409844728125766,0.8286618076362103,0.12536958791995007,0.6272965167275663,0.17485972694651852,0.650302356971732,0.848382342637387,0.9107299815855898,0.4264212904085699,0.8452116391479004,0.838909322613611,0.6108022615034997,0.21401772347683867,0.0,0.6147860157103728,0.8584568557538287,0.5008899368210117,0.11566525875737628,0.5863862374185254,0.19827983172855296,0.5828198117775523,0.7337128365842454,0.5452819805786171,0.2494343988266936,0.7181171452625514,0.47429901488960347,0.2647247753347565,0.7069312445929913,0.06103622507999639,0.5961564734735454,0.2864345027337394,0.7657841075518038,0.8174188463938941,0.38581583339296344,0.712446929305014,0.4660129147643515,0.3663051214416461,0.4914121572990888,0.822281959942069,0.6210862358920259,0.6531641728304581,0.4139881406425268,0.44654287160749845,0.5681419624768416,0.5679475445032994,0.6850584760216116,0.5018831857806945,0.2014561016972529,0.7227884262146368,0.6499813771646377,0.3417876856915523,0.5026517975746082,0.5615045285225916,0.31022788484130864,0.2522787343943867,0.6157399652469309,0.044983214146783156,0.3351605663058112,0.7599340023663421,0.2040474904840757,0.6609818707238545,0.5736107202819214,0.7796001992777681,0.5279910318217192,0.5709148837598331,0.43650548229531094,0.6296505780310483,0.8919181247269571,0.5444929375995831,0.4626670496334706,0.23838681909084156,0.6131422550373038,0.7111708148692204,0.5972282517938994,0.6335546284731222,0.17917884343942364,0.6652021032683484,1.0,0.8534292590676374,0.618141645885202,0.5189974914317724,0.47368399502714637,0.41776917471506536,0.9493411924085856,0.665783809383627,0.8288032298907857,0.8339985336860763,0.8094160755619634,0.36884614550878253,0.330308712807987,0.425487419038503,0.4857680318995557,0.5311387111833058,0.40898422726683636,0.2572399632347577,0.6886153966329887,0.1995119712327085,0.7387625303650364,0.49376884144295674,0.529833217328334,0.6131069479509649,0.6772807133522608,0.7394196808010066,0.747857664870815,0.3446190555327678,0.5974686768866442,0.13034318328206834,0.25441435037419186,0.7665200191350574,0.3287374566697776,0.07590555004004333,0.1139080121696026,1.0,0.7096766891784035,0.5581077578150229,0.6966195286065421,0.2425270417645623,0.5839272565296033,0.1490460330503977,0.833055665531651,0.40466241809791964,0.3720768378999025,0.7638147061663534,0.0,0.6456521235461887,0.6714666391418016,0.7105272939055859,0.7453441486833136,0.808398968340028,0.33744666846704835,0.19788872097908364,0.5392909555767582,0.16303320621591896,0.8460122839324523,0.7446019043479565,1.0,0.2834880887786204,0.3744316358097931,0.6381390110914512,0.6708335164590256,0.4782095786037376,0.18591140439764225
3.0,0.7563393490471654,0.634413711197054,0.6753909818570916,0.6419648376270589,0.5202780683108824,0.5446700839920084,0.50097398409692,0.7352436170167024,0.8970946391180231,0.5899493079439735,0.5581621147639586,0.25196766230281675,0.4904155235244349,0.5911355903374624,0.5376433328703677,0.40862877680710685,0.6854604838740452,0.7488526695655988,0.4379823177546408,0.7256614603751764,0.8066560735941499,0.8386585624759811,0.3610959881250352,0.7539718328525058,0.2854578076610669,0.37216455111130403,0.4804714771305647,0.6398199874222454,0.5835030872052626,0.6559481288444987,0.46762081838421055,0.5499790454873212,0.5154646914954871,0.010655917653450617,0.4774894497140547,0.7976180541127714,0.8267869608281058,0.40009416980692314,0.5239117371811375,0.8896039033531625,0.7056698360919488,0.7440454980959982,0.4033078653031363,0.6086348391654598,0.7021214708448004,0.4323918667514049,0.1915181384122875,0.14464990246440346,0.5229606743434002,0.5480401808625278,0.5300638264903069,0.8568240042582578,0.15486953782674215,0.40850321391604205,0.6864826689604139,0.67407112204598,0.6962388742250786,0.24494726397456168,0.8776435362130618,0.5623356487403016,0.738587013596309,0.7082662146249458,0.8077189520553575,0.5410810489431755,0.769936695118983,0.559578045998179,0.45169856816303267,0.5436340116338008,0.30614664090198146,0.9228858729715302,0.4323053365314595,0.7262359260559382,0.33376676180963316,0.5015728383048431,0.3427256097407594,0.5622972004484308,0.5692198362115943,0.8707863194616492,0.8379347578066343,0.7672223753264047,0.6043200776562955,0.6031082804387768,0.20522587322344693,0.5867585784981462,0.503957818883997,0.253703951500922,0.728994862523679,0.6828085278146208,0.0,0.7734277830602603,0.4976840494958848,0.577757115319673,0.483110456157718,0.3171560603219683,0.2323900306941243,0.6158422167377158,0.6165850880108948,0.6483377300940496,0.3379032961168452,0.5955451682108726,0.4175476797099912,0.5887847725621925,0.25623077304359143,0.6420449270710255,0.6483651361889465,0.43648767939149435,0.6519751621851935,0.4968344272465248,0.45310487613912737,0.3970747622090596,0.3808842717064655,0.7159015445531673,0.5034937449136497,0.5929037928274073,0.6857259828792532,0.37598424060369523,0.7487005363888535,0.5972019799106177,0.5509822057881393,0.8570281505505934,0.2785977946645172,0.7763063395476998,0.49816672680596547,0.30563859295362245,0.0640517547413353,0.6133416304810652,0.7763681312837816,0.6426738085186412,0.7096174233054078,0.5238204153435221,0.2549350504057524,0.2980841580975876,0.45542694261135835,0.5298781472064231,0.4671013098204667,0.5587601919883325,0.6938951963324219,0.6065455991807635,0.4072266974483434,0.6301661894660399,0.5242194071816051,0.4828616390987254,0.35426874511643863,0.7820416416173201,0.819555631313304,0.5673337573735125,0.7510642226262126,0.6959115201941898,0.7507643304452385,0.51932167659869,0.4614420422445686,0.7023518272510582,0.6981664796834899,0.6422858612294967,0.25845926672210945,0.5773877245818362,0.2502826899782393,0.7928177633951398,0.7453607496572396,0.4402219105402286,0.3574821098027072,0.20793079629122266,0.644907571257717,0.7727737053227794,0.4861357410364947,0.7291687755085384,0.6903918847461162,0.7637444031397652,0.6846130859647672,0.1894207864195259,0.856592802771276,0.5828347212114767,0.6183415517109573,0.6933479517451512,0.8888725281721697,0.7463444811768973,0.38833426809381216,0.252168813310367,0.062299382570535244,0.2376949739530266,0.8191861141195175,0.591975381279719,0.5340041044727116,0.4856843107928281,0.7673024713750323,0.662511751774717,0.5417205638245131,0.5799382221618875,0.20790927580255655,0.4490577739062962,0.5853191883274882,0.4248917250121499,0.6861261762242634,0.6559470047090763,0.6616616358317855,0.28293947899696476,0.2727646717448002,0.5649724274278987,0.7196706204000742,0.8855828622694846,0.6999354324016559,0.34568925451877186,0.6066739110143714,0.576349299468512,0.5062403434579001,0.7173786055581695,0.7112863141196434,0.3764296479032011,0.8268584636121109,0.2732013920868711,0.5908587438390162,0.3412981718265077,0.5223624089685337,0.8091921701427321,0.7162486247148782,0.6716592986765996,0.8892959821092575,0.4960659393097658,0.39174451538049954,0.5615836200437471,0.34233197446786073,0.2692794059788216,0.7173988470394056,0.16390714413092533,0.8556094773419249,0.3115497914297858,0.5065242126947319,0.7454849304163228,0.7809900823742486,0.6143578258387538,0.7535070603918511,0.5163571107450706,0.5539828657897147,0.3254103680607724,0.285435958767028,0.4928401199712037,0.7480207359919077,0.6693643664703425,0.8419838352021486,0.3434865592453987,0.6987721858175485,0.8558872843479377,0.35709762349891194,0.7381592703522705,0.6406079815768674,0.4210796225408,0.060922200447905805
4.0,0.5425174669354909,0.6455400849822297,0.39551486314036266,0.7671343639251591,0.36742527173869477,0.32363396580881065,0.6337806224530612,0.6962656605602952,0.9140932862736734,0.4498478094254309,0.5054606993364199,0.3346459801082013,0.22730912614186785,0.3773646176329263,0.790421590806959,0.8239912449257611,0.6335238881247572,0.9057610990630559,0.5052408905553311,0.5339242238540381,0.7594450300014219,0.8624932546822067,0.5676111189583726,0.5175761436275134,0.3329671109046048,0.20204176320437398,0.7320601192868047,0.4892522214684709,0.3832792557635383,0.8395219346767574,0.7269150198839569,0.580113164316442,0.48564963752277984,0.35563817796378355,0.7359155437289838,0.8231382933296703,0.6823496496572171,0.0,0.26505378163900006,0.7173078104138877,0.6948258946880743,0.6137565092721047,0.15151405592139694,0.5235955960085104,0.7446473894392852,0.3128471243857303,0.33812376971078834,0.4763947778134729,0.5928726233125753,0.7570241425120812,0.501312132624438,0.2959495678177024,0.26809219511069327,0.8277332085778712,0.6255904935635416,0.6074584064454157,0.8572017806498838,0.699339058515829,0.8588463920651961,0.8226618826021453,0.1572516043685405,0.7081258806888812,0.3292836132330624,0.22065400350635198,0.7015836781097142,0.5500317811384723,0.6996534601124844,0.50891105027848,0.28383657612193147,0.7034606392183185,0.3134020528869467,0.5561999446360285,0.7779066812675477,0.4268102334618465,0.45853305480062045,0.6565903077559471,0.4237887330341067,0.6941812224925552,0.7649082486202334,0.7483733477052813,0.6538399114196223,0.38558836764011767,0.5278120789212201,0.5428751441934438,0.35142964848394087,0.668951878271686,0.2596910573723305,0.5731156823389273,0.43814824840961575,0.5492555362568355,0.3540176020347693,0.0,0.3626797943675442,0.6315495360496886,0.6364892379102206,0.6228908601068226,0.7211042840818255,0.7564307890015208,0.6181760476134419,0.5838380923930288,0.3722260071274197,0.43668974435449914,0.39553993878531496,0.6412008912354018,0.3966908190631444,0.48933727619355527,0.23193600060183991,0.6021319404966397,0.45470715480197643,0.5588003643050913,0.615750943607501,0.5381849633890425,0.5097309529132381,0.5933163766827382,0.6712539798886172,0.6757621112428349,0.57141918004888,0.6119152830592229,0.5930767307766249,0.6086393912385628,0.06924593667562759,0.6402780678934312,0.4915064257364639,0.4832910568500828,0.6209564532401618,0.5017304134532239,0.6740800715028519,0.5022119697589591,0.7811906734943964,0.47704086919679833,0.7567107421526678,0.6294139930038688,0.41421273015283305,0.5726904188721099,0.7186551787955398,0.8808982793316185,0.7763219403868088,0.4443259538279293,0.12260816212053033,0.776981843601242,0.5478928433545299,0.36276094814301013,0.4690908443720769,0.7658446323509727,0.7997816841000815,0.6934050058097765,0.7168776396054843,0.5500155176635427,0.8027089530467454,0.6662204042483452,0.6066891307531804,0.8324497196692902,0.9311268825183282,0.7407282654816635,0.19027499947087415,0.5496861161516683,0.6102097674566385,0.7130270566408462,0.4001072416893323,0.33855469113397,0.6136912518712608,0.26112812839765737,0.4388111762534461,0.6114806349051047,0.6240222810909951,0.602115330100106,0.49816923345091996,0.1804290389999104,0.7106818275134301,0.27852421434818764,0.7327366332224573,0.10148933053166306,0.6202897068109292,0.788778906757301,0.34545736033416463,0.5934852660113561,0.6168703453872921,0.5856730125034011,0.1572249621309338,0.737161697017044,0.46226176146206743,0.6837398001539372,0.5370249792475886,0.8635270646848414,0.5500711967181592,0.1595253717975422,0.7194084563519744,0.06390517142533583,0.9455828815421294,0.5443530247454351,0.6773259170323999,0.5875239661170485,0.35508971559923536,0.8146577051362818,0.8727748738783849,0.7223594186914325,0.46156934547282,0.40450334875843624,0.5310385125521465,0.2572399632347577,0.7756193249794436,0.8767377404927442,0.7415233148477562,0.7047776839052622,0.7219630342811346,0.4630058586258365,0.6098692561439298,0.3764296479032011,0.765591187860794,0.3621199841997865,0.6415191432357252,0.15355392516430882,0.4830903985390982,0.44803883557655433,0.30783468973910494,0.8495889992790445,0.602303579255357,0.4538067425811588,0.5927876122782955,0.646983747944889,0.7258317215734428,0.26771661306889183,0.8317111587773509,0.6416170785181076,0.5205781800105399,0.6432067107851054,0.8831106057873551,0.737026077972438,0.577073168030091,0.8978092723828788,0.37978203698429347,0.7299607397831556,0.8046488168521434,0.41049345018367706,0.8823721903101246,0.5036869186100178,0.45949765922908326,0.6709930340579778,0.6350586921496817,0.6476124981924261,0.5526696063961689,0.6029704629825843,0.6463358953575371,0.19161233490149554,0.7517437185277235,0.5111762011884443,0.2785800313879014
3.0,0.8033330900891471,0.3869065274335883,0.6774140305738072,0.7410210830005081,0.5224908738244062,0.27978432986935226,0.8128288871661777,0.749552221496312,0.7628071638418891,0.32664041862878657,0.533085857649654,0.5980893616914609,0.07468655840067782,0.8157057820836604,0.7184872966158151,0.509014649311083,0.8820473392927042,0.7444212560092053,0.44643314238089893,0.3857265345847429,0.38805375678406473,0.6313870799442395,0.7120671798096497,0.5917567901987445,0.13181732708549784,0.3380998480124592,0.5673253050553988,0.31059017653481374,0.6162255554953295,0.4236627125853973,0.6798632335122071,0.568455334847383,0.5456031113105091,0.6056762162702822,0.7129143946113086,0.556125717085998,0.23747193047180906,0.784852830123073,0.7831474111364274,0.7945652914178699,0.8748152920338959,0.3434712927604283,0.6785107010248662,0.6970030440341085,0.707889108579208,0.6919114372492281,0.5127885850702365,0.07784923353670954,0.42650013335398185,0.7687405150085144,0.4595169109606228,0.24036034968024123,0.6981248276931097,0.4433311161475669,0.41035465339697597,0.7832687386739307,0.6129727623395071,0.4924544958875277,0.7851844472050263,0.28471487548847013,0.6185987382586906,0.47218122618797564,0.0,0.5210974828583336,0.6411214832207786,0.6031700902066788,0.0,0.6328029929292962,0.3558431488251387,0.7182856734800178,0.42565469149425206,0.5622394391648984,0.6846107415041127,0.6437933779805293,0.41334466627755445,0.35655097070349373,0.0,0.7411323826274803,0.8020322458762441,0.4532643791215063,0.9040901497674689,0.48877046661843,0.1602091964672709,0.5831740551058829,0.7667147069112964,0.3604884779705043,1.0,0.4890093594478889,0.6192734498279181,0.18254791564113143,0.4268049143055746,0.24900697857728651,0.4060006451343015,0.8993835146250727,0.3944719333119407,0.43631492023899143,0.7080892431508893,0.5913240279885178,0.3753607543252072,0.6503859668035648,0.3047377012986597,0.5528963257497268,0.06650906792447646,0.6879851943210996,0.8447993672123275,0.4290444608232856,0.6537806057746939,0.2127042040839063,0.8502982465960455,0.330654807518457,0.5837977134370478,0.8963384283211456,0.6223221892489151,0.5505006033337623,0.7183699138696261,0.4514194421850419,0.7329163963087485,0.42414176128878717,0.30614513451617476,0.7372753863511042,0.4590364617595757,0.5264795299161886,0.204232786163133,0.4586406046266221,0.7126765526587716,0.8022570734034653,0.7624178786405099,0.6599457101464216,0.5794091029260795,0.3478549447131849,0.37110248870485746,0.4507655111429759,0.0,0.8525860311627962,0.0,0.2288457685540862,0.9064178484284243,0.9030873122091859,0.22398081388357258,0.8564756972403389,0.540204312003054,0.5037807450127624,0.3111442970838247,0.7942008258557091,0.6782813902304627,0.6867963101439181,0.6706531632876461,0.7190896078916891,0.4726139521805316,0.7694403686452314,0.5382721125285175,0.4471401783448557,0.9185378056249055,0.6119355821414536,0.5451114494729096,0.3187023127473319,0.9003485875027483,0.698434746193963,0.6077563928337881,0.2702839712953773,0.5845728027143193,0.4289637550240617,0.5869766624644229,0.31149593261186787,0.7981468815819923,0.7181558601348774,0.5667036034346915,0.7754282132402674,0.6147451646908544,0.6370913234757928,0.7521733536216294,0.786562144819773,0.2868953654085919,0.575026352417076,0.32398081042760113,0.8580020521000894,0.5341539513526311,0.6361802082851556,0.11621464086619983,0.5175932707004733,0.11193441600439562,0.7034550508442362,0.5032596525711386,0.23502044815166057,0.5677196524033359,0.6610244718816214,0.5374610881626117,0.7338579729351145,0.5205630898146372,0.47128310144591296,0.8242180423262869,0.888013753852684,0.6307597236845821,1.0,0.5700558771916968,0.7069538279668327,0.2964151993136138,0.6198574578843739,0.41582520715394256,0.3940412134011294,0.7288952006392858,0.20368871198477861,0.5925077391698216,0.9159888818802282,0.9367014452355563,0.12717132566265857,0.24168103413209543,0.5115780004079891,0.3477930521755601,0.47951455528358616,0.7584884965293835,0.28195325619469336,0.7914281184223344,0.780041923957484,0.7459770154675802,0.6111463353577966,0.25002143402505705,0.6761600084910205,0.6377343327367488,0.48388356794493304,0.5642326526853585,0.7412300259005773,0.6948222818765091,0.19765608517841202,0.6534293715946533,0.5370162940240639,0.059407994181870795,0.8360254727715831,0.45770536848932236,0.4787733146884566,0.23536129749407483,0.5159131305693359,1.0,0.8892092856200924,0.4003625490294326,0.5414134666046012,0.5707424883930079,0.6136007060186033,0.8292554831054462,0.7531527272842277,0.5613386109194739,0.41340802256941706,0.7983814004161338,0.6075375147382934,0.85016088659871,0.4881844003820152,0.3830516642876029
4.0,0.7214857744317459,0.5671151014467939,0.4992128998991175,0.6975652152434163,0.4318484040393002,0.3842895223238703,0.6238559656987089,0.8887986065483345,0.8302769011718908,0.5495590443464874,0.3175606623640439,0.09070313640601832,0.6016658146545308,0.2629203579220172,0.15579941986506693,0.5982048340535817,0.5754664271939194,0.974814499749605,0.5897643420515719,0.7427221511626436,0.5005914789172035,0.8862019158124559,0.6680426663138579,0.5210326079773236,0.4905943137528064,0.3206878430479507,0.5721896723022141,0.43909866688927934,0.3634899510206835,0.3150945287277383,0.39430540751227444,0.5598052031528309,0.5722878706531388,0.45887603404550376,0.5589878299358749,0.6435071483792202,0.8125930360143376,0.14896788618794174,0.7199744702930083,0.6775530859015907,0.9342273440341149,0.5438014732283429,0.4643679896804976,0.502358495845798,0.5027707528557562,0.2690016070575285,0.2002478121192572,0.3256293248868161,0.6616877269053524,0.8596908732779054,0.6770443652689492,0.350923142323647,0.3373037960995789,0.422120806478522,0.2930321298087961,0.6082044235968102,0.9010827676799356,0.6339935824789893,0.7297112974898308,0.756929591758424,0.5165474839621056,0.7096663678660451,0.8159067319913657,0.15035188565955201,0.5101747364552073,0.0,0.6319123837016103,0.581753879504435,0.5768801664332719,0.5705282541813999,0.35394225164932286,0.5833634743086814,0.7244896046180903,0.3793119920936283,0.5407194755122267,0.6603471554638888,0.36137201481811015,0.4417211466018517,0.8366131653635837,0.6326325204722387,0.41374180961904344,0.5013421238158239,0.34454073364897003,0.5551850979254308,0.4464640506013684,0.6609882631546626,0.21758846734721507,0.4927539023666072,0.5022420722718357,0.7389621110263543,0.3592257112537697,0.34230782227938894,0.46210645062359545,0.891595700522188,0.26566525904419747,0.5601299204553717,0.5873306222868518,0.6099202326731662,0.5125493661438081,0.524386981197869,0.34227411163538873,0.5988298286872278,0.36336191097963955,0.4658891011313281,0.6061728127433901,0.41530584007753024,0.5840389410919057,0.4756786105562204,0.4946832996683714,0.5908246324850769,0.3010791217543826,0.6187584726831485,0.5164062897177188,0.6315006984223585,0.643496821577971,0.4238970893792698,0.7160592683618936,0.6610760835164273,0.3568824560751011,0.5947567713148796,0.38946849565059377,0.592794018266565,0.05194418271096113,0.36577624289966715,0.4382300948813253,0.506852164415111,0.6171927444668923,0.7719411578812554,0.7908442041668968,0.46453049192571844,0.738570474658416,0.5936576526900365,0.4176003394384017,0.8682153144996717,0.5549162168739927,0.8955916844484892,0.5066509099793838,0.462188518735701,0.07285725889977523,0.675913085262318,0.6484445753739698,0.5356368910311246,0.26051207180245106,0.7086364183830478,0.63990111274712,0.4679258761631762,0.6062596542768238,0.35178651426986096,0.8027089530467454,0.5952263185888628,0.5761885353425554,0.726779144666913,0.8691760227127467,0.3525512324806249,0.5470145661093457,0.45309011699076257,0.23177924173991465,0.7273133659496784,0.5638292713832314,0.4141944598715738,0.5405715040503413,0.17874338292010894,0.48713753428968704,0.5085652374882697,0.44213698715972555,0.750694989370542,0.39879849791027777,0.3231396824644375,0.5747801735140139,0.231321134959987,0.8788549877526485,0.19888890172669058,0.8229453740299149,0.7468747803389021,0.23960317273492393,0.5795504300326064,0.39385360035753375,0.4796690735641488,0.20054791886196646,0.40319058929635704,0.4745268366991413,0.6536228309256986,0.5711521060397196,0.5380465979968593,0.5242756469271945,0.5084644437731495,0.5256085500966533,0.44281840400412265,0.6590576458829251,0.4739071707808525,0.7505964015155883,0.5761727901134872,0.5949790966736423,0.7003870034724655,0.7208273705623753,0.7496145145684809,0.5926294035080097,0.4440878242825224,0.3666251173637883,0.8717044812902778,0.8459685025724147,0.73281433661906,0.3849993770498214,0.48002547572917525,0.522192327704883,0.2816073835544069,0.6384681746162277,0.272750469397652,0.7089665818306798,0.34222150368433796,0.4200251546361439,0.540999862677762,0.8273195558295289,0.6739225605018788,0.5452837964906508,0.8196401815287561,0.5971516325907624,0.5198195715201066,0.6353294601685071,0.6094876530553685,0.3752534700725811,0.2759473511152117,0.7289035518007774,0.4453249166785912,0.5422257849022346,0.7060244506027608,0.9811620345695169,1.0,0.6166638375304687,0.6539381469439076,0.3456728046787347,0.6599217232552076,0.7824396168819535,0.7334084092836743,0.3710599306991535,0.5540433706392386,0.4194019984389769,0.36153762692344804,0.6163585617831581,0.493744657981966,0.5760203467818888,0.5562506241039651,0.445636876829511,0.20156605278984294,0.6115796394872024,0.5534476959684149,0.06612077415599281
3.0,0.6539383328737758,0.5551997165212031,0.691051515676288,0.5452535655301203,0.5330789740272287,0.6249854661038327,0.5564855236654411,0.7924386858906513,0.6911834657954822,0.3432544070794613,0.45571820569303284,0.3647023901811689,0.20357309860698775,0.5315040268545382,0.17537183094839487,0.3188578445417428,0.33235846773208116,0.756514916812761,0.711532088370964,0.4020477201077244,0.47940527286173223,0.8313118398022391,0.6115301475814183,0.545366143394085,0.5151577023670596,0.35026771257591893,0.546061415260848,0.36990014433856855,0.5477740275358886,0.5284192446477672,0.39430540751227444,0.625359282023114,0.5527705668168175,0.5654051707238096,0.3654368937474219,0.6013998998120249,0.7589426306615036,0.45210964201508225,0.4309039149701131,0.6775530859015907,0.842927500308114,0.605181678143149,0.5391890482622246,0.7317705290429787,0.4841388716401899,0.4743763673857003,0.41217611132317644,0.3989128939834641,0.38569504566722784,0.19729240143132884,0.6640414288503634,0.1414866915080267,0.051941164210145024,0.36634516039815,0.4918545881013324,0.5070859851077731,0.6674886699383128,0.5002379681299107,0.8190022462145056,0.4037687887710555,0.6381502304103313,0.3889965840956194,0.6411143340802642,0.7666836666516114,0.73817050620256,0.03350354223918701,0.4136533284442904,0.49050818219924575,0.2667777067386107,0.28776562163805675,0.684790565963129,0.5676112933080365,0.4082633464389239,0.565966339304857,0.16063367666822329,0.5888257028583543,0.41797631223249115,0.6073010914218986,0.8182746338521409,0.3875211203580133,0.7711835661136619,0.27941685494530466,0.28778478859664613,0.48040584642355083,0.44754398742932994,0.5867382462983751,0.24792419292707768,0.4916869754040942,0.5520201577080738,0.7343140377986451,0.4600910374294771,0.5774768939994409,0.433893521370147,0.630622768361088,0.3171291334176806,1.0,0.7826044659409913,0.5713903659316848,0.3989277540200447,0.5038716845723334,0.42758473376309186,0.519805754491242,0.32417220740590774,0.5671934342055397,0.6731859248810487,0.40663937227067065,0.6595951773873756,0.26239097373797,0.560441399567914,0.5011704839932629,0.11368369265295283,0.7316067321576025,0.4528914835514952,0.6143929067577112,0.5644746738691558,1.0,0.48588500446639454,0.6597487671735409,0.4653769136448282,0.7357256172847837,0.3495105764072323,0.5721679703604305,0.5083364106278531,0.5600616814796372,0.4815027114520397,0.4748065055372907,0.7746940463534503,0.6746330319291556,0.516513259558029,0.3508023009208699,0.4922889497618387,0.49101967113484307,0.5962905330403999,0.5551124043295158,0.45092248193200807,0.6107551463904908,0.4099047320426804,0.26405093501785676,0.5657404875353407,0.851869944365674,0.6102307633740089,0.5866695374244999,0.388190562929887,0.767684883501079,0.49320317439995626,0.4583119261201875,0.4586507165211652,0.6866145070603714,0.5671942822314575,0.5251854577103081,0.35607562567501444,0.7398778038614292,0.8239508354207499,0.4380325467954339,0.5809161682110305,0.6297655954548634,0.34963643326383326,0.532858339124114,0.42263912098785517,0.29641958817421354,0.2825439957511104,0.28854881967820034,0.603425346427255,0.7147450109345307,0.007190378468155551,0.6653841930981557,0.2045320935121815,0.44839665319456107,0.6722861661101136,0.42295383056584546,0.7512265191426041,0.574384774874512,0.48449126474539994,0.651793875026784,0.06945607005918046,0.45707643261753916,0.4911447197064414,0.3020006677152456,0.22887747680340517,0.7653505991082616,0.6230015249673889,0.6680458474610871,0.48663053387608074,0.6823745097047095,0.4549591514038582,0.3853918294323792,0.5638623206634183,0.46057879804701396,0.428413835491598,0.6953902839955091,0.624718817551634,0.28563093944753476,0.6169470556283597,0.9332916531433544,0.7436205656524164,0.5448634371371428,0.32745065082516217,0.515228192446804,0.09545526080933031,0.24823039204516315,0.5993531325215317,0.5188725045156947,0.6829520019235267,0.172257406774723,0.43246015532912513,0.28517450508544867,0.6417149743522366,0.4341027114645665,0.7299113160437851,0.26538311460456454,0.5925183227293378,0.08442144835283519,0.7107533525806229,0.6051282158928185,0.7444242780854267,0.3142643396809184,0.7658875884276053,0.3129505400787124,0.4163641059056003,0.5951682549780254,0.4817860194054882,0.5375424125043056,0.5892974945771988,0.5954439719866474,0.48284664273884653,0.5522029382375517,0.7812245059821495,0.7350561333211421,0.34949209945308685,0.5219079382510283,0.4808285194611795,0.6478035125886665,0.8250427226913658,0.5659815133648242,0.3058681301736198,0.6066724736716362,0.6760149434703497,0.5218384822414353,0.8080060144741813,0.292650650329219,0.528950316324051,0.6324603542718934,0.4908012963070044,0.7507051446352437,0.5065461038386391,0.7982985368774815,0.2951122665409312
3.0,0.49204691563615344,0.6888481433881753,0.300073582403324,0.706182098787413,0.1531748265664352,0.7362805805243802,0.3792597220148164,0.5374054950959606,0.783195202486578,0.36183513146727014,0.4794056780450028,0.4217531840347065,0.8027778564191326,0.4370929811464506,0.4600174322677634,0.3095125664756879,0.2716590738049805,0.7258717560654568,0.606074532966091,0.41061840478485173,0.4414551076515558,0.8286610824919679,0.6442949600486083,0.7180881653791695,0.30110778170745334,0.16785083892941216,0.615506114809756,0.4126102855559114,0.7934410875701632,0.43217100000338754,0.42002366785180273,0.5449026204544629,0.3190041215642448,0.5268894149010841,0.43841861369027657,0.2739065484051803,0.5862233171859503,0.37575541286019926,0.6005237520731811,0.0,0.3694572013176248,0.45732342457508035,0.34206582008350195,0.8255730766368442,0.48618885599476624,0.2984664599002962,0.1909904774833083,0.09871930307811815,0.5083978813174613,0.6974149856022624,0.48506277962173994,0.11724031362690494,0.2804759693743866,0.15983192425884227,0.1973059186921598,0.7176604113058113,0.6622537198552679,0.2721504214346166,0.896957331110403,0.655682830591898,0.42111055428243327,0.6706128407880475,0.7745564985948562,0.5682638449329208,0.5320754563973139,0.4115322827579554,0.45057876478388376,0.4513199394424454,0.11956394017182514,0.45598431523485783,0.599226727087493,0.38982696971401987,0.30924378758020576,0.3953831786163702,0.39072513267629444,0.7764710137915498,0.5193379729253348,0.396670642551918,0.6586382770361036,0.5690432184558017,0.7496484566429621,0.466122285613961,0.586195581767936,0.35001373950456943,0.5086850910157305,0.7906682032927564,0.44866316231182124,0.35079603858487657,0.2515292675014877,0.7507883342448919,0.4726463054784616,0.3429364515390724,0.491457513147715,0.3483960114237554,0.4238260351213899,0.40380730981963453,0.7538199784516505,0.0,0.7003607636652006,0.39660634537936,0.12428231857432652,0.48071197864841353,0.43692306885640075,0.37776181717291335,0.7933557027510643,0.21610076949430976,0.37827042139696815,0.23783671507398435,0.5054611247349875,0.12001318429472078,0.2794777497025785,0.5542539081360379,0.6434493949007306,0.5131206853676906,0.5446996404391592,0.62646373103972,0.5792142773384586,0.5640817396953007,0.3960397175097363,0.8576727382180689,0.4655519492843425,0.6402780678934312,0.611015970959153,0.40218062136478516,0.33734069870899197,0.46332733913099905,0.665376876302692,0.5073310147204948,0.5261763829344501,0.6429018629737614,0.4721537796822105,0.39322028814021415,0.45408763083556664,0.19505985046816057,0.3738803382351025,0.45827179771295856,0.5758179758054534,1.0,0.6042127513103936,0.7333081817679793,0.5746177510477952,0.45716274893461023,0.2709519476008604,0.6658967935655564,0.2636811332139162,0.6213497460809932,0.5642703025916166,0.6351590461357524,0.10594384658601666,0.4721511974196686,0.368680798808442,0.2582390974187282,0.8252714669356623,0.44716931556683703,0.43010831400456245,0.4225838534129844,0.740114724634399,0.0587377002203577,0.47757926041713,0.5090159357244576,0.38799425183129066,0.35037998593346387,0.3689466797795657,0.5998995528885418,0.3375307674636826,0.6970293177553144,0.5302799329276238,0.5989759588667524,0.4990278944644678,0.49432267422642756,0.6583086228239208,0.6776782783350634,0.6002189946470508,0.2558208377757257,0.2774129288142281,0.17471194611273066,0.43353343392195437,0.43436875576179207,0.4606029777879966,0.489848975317435,0.8307273160681277,0.7590168740080686,0.6674928111963389,0.5509883885913487,0.4676734615366784,0.6624242090746391,0.5084384405748804,0.6893559533385443,0.6873954279660912,0.448325663948103,0.778091044111165,0.8734749322560414,0.70863473675178,0.8649977672304783,0.781588384451907,0.6178596784772199,0.5202923814525382,0.392996640678909,0.39395725555609373,0.24429134638164526,0.4073612613229841,0.5810932280032952,0.2656613898753842,0.3420926052812431,0.2534641262901451,0.09850113922122719,0.6865800886023902,0.40813770778086533,0.661549332008277,0.32414587201710704,0.6294305570269499,0.08442144835283519,0.6163752206336176,0.6676652849281665,0.6830055049372445,0.5581948786141192,0.8277608955527958,0.5494208389172581,0.32281708985607577,0.477753359778327,0.5530141375578038,0.2134209012019834,0.4956099148073061,0.1553086608048732,0.7534609239705174,0.8562888317184914,0.5382218156027613,0.711127197821313,0.17199569512089996,0.6979159604654301,0.6724412007521647,0.5711313127665325,0.6000047900875493,0.7758816858359413,0.2446621988906535,0.42285445104523167,0.7222870174298783,0.30370545368378665,0.7829454186061795,0.5268251121665076,0.682153704707444,0.37564506868464903,0.4661608318518241,0.8230235507480248,0.06123308946195027,0.59462644588803,0.5732735284540804
4.0,0.5983877620399473,0.6668317056365655,0.8471021424824942,0.8120832072255905,0.6910140923866381,0.5248244814206857,0.6281858374805384,0.16536703659911986,0.8609176489413529,1.0,0.34834679999647133,0.325676702120488,0.2683297993558729,0.44997622127566655,0.7597149502758047,0.2959750523674867,1.0,0.863271656714325,0.1416157372072909,0.745406417619116,0.8318943532071847,0.7101304728014086,0.5517184284345964,0.5041506444004248,0.10602606925367904,0.3876104433231943,0.7198158512773511,0.6745028451697422,0.6001435391577677,0.7446188432318824,0.5947270272188825,0.5310135002552825,0.6970653580072546,0.7222433857081617,0.8020756421015994,0.8971587403161217,0.7191136332841691,0.539773413607118,0.19754107427546708,0.9082536132989841,0.7901879194958034,0.4976353777315112,0.727184933565522,0.6911735026523135,0.8910995682923867,0.027340439721880844,0.12649056454627222,0.3301094531131394,0.5131406522539825,0.864149633274891,0.2560427510057529,0.5139019260518833,0.9483809421452768,0.7077112459216474,0.8263570458468443,0.7016212916194874,0.8516215761181883,0.48607777155136805,0.640698910992511,0.9082206385812198,0.25990425211134255,0.3853788697390683,0.758090729109052,0.5885769284028036,0.9703021944245999,0.5404426088758122,0.2902602475773388,1.0,0.3533328471865311,0.6961526541868723,0.44498256449716256,0.6879596409439959,0.796233746148511,0.5420062626657247,0.807674135751948,0.40852243849694886,0.6122346263611275,0.6456976347777907,0.8546283849098671,0.7581861002632819,0.7248832991427762,0.5720304527339095,0.6385508003559291,0.656618633169282,0.7431990695256889,0.5165338299983455,0.5289090980948422,0.5311604896396468,0.6147109740846048,0.37331788006549776,0.39722977657101083,0.5232371499267957,0.14344171830362404,0.6397592235099351,0.4417842392143746,0.5749360663777628,0.8120407778680125,0.7453839739455043,0.6337622404427177,0.8515591159926829,0.37231935039481334,0.5869079719801364,0.24384515939937995,0.7367564592904224,0.823706263308135,0.6709860027969257,0.5857444928573342,0.694100945573509,0.7706643339172027,0.8439933158945716,0.8119804056397528,0.8276465659567043,0.5343420910194411,0.5329104816476674,0.640342711193946,0.7429705267713171,0.9002369714527726,0.42354370753448256,0.4333698763420776,0.6120323165022852,0.31873693586170787,0.8829051876971526,0.6664735165408988,0.5139277479522553,0.3483499628856916,0.6757046244791843,0.7285441210376835,0.8495825255726029,0.6148879863017899,0.583409970922824,0.8161904445526291,0.2931191462446356,0.45225623946730514,0.9177010171074854,0.8013651162232686,0.6560789363559303,0.9210286731616655,0.706375787577092,0.4154740482308416,0.7991454497851127,0.5892843858326368,0.4512281500149391,0.45284376481563593,0.8031260487593896,0.4491092799817744,0.48985581060222355,0.9817935373124698,0.5297682860034376,0.9466183049630812,0.48206360644570895,0.795012708968679,0.6149177435183686,0.8993956396122281,0.45022357077166186,0.3832260417371791,0.3538521636092446,0.10391032362538861,0.8152909807720948,0.7166071426557193,0.6885264482280734,0.4870179123344589,0.2889452057884695,0.8601301776493951,0.6781220377232688,0.2645669821047351,0.8107472510542463,0.6452427432475276,0.34389424894169457,0.8381155145541749,0.1648029078709473,1.0,0.3172924429722491,0.7678980236834917,0.9605617749186722,0.46154308261602983,0.8580020521000894,0.6657711232153088,0.2980367435234382,0.15031474886362806,0.5400081706587188,0.10856901443063981,0.6894714856643812,0.48306735904671533,0.7492784013851241,0.7075573299097048,0.6035652667292418,0.5724405129464958,0.6065873724985563,0.7923171003141317,0.6156459906187091,0.39443741686441536,0.6581522105577865,0.657127054503029,0.6864404972637166,0.5649636008193566,0.7519518966568987,0.13594343118767357,0.635370689935646,0.3695601470051719,0.33975410049746924,0.6663453646153855,0.48468160586302134,0.7433509247982161,0.9333151779190435,0.8263404233126393,0.7749416704784612,0.41370802453890615,1.0,0.512610823499282,0.6968041297692232,0.8843035045233535,0.30603608569421364,0.6256679783141477,0.593420385812968,0.9469242351250605,0.6922438045319023,0.2782536284501225,0.7606404264168197,0.9028131847895762,0.8071974913013296,0.6829032713828734,0.30743871692267394,0.6677015381372509,0.24892087165121288,1.0,0.46530957557502134,0.18644345871202736,0.7510644475014047,0.8783329293634404,0.3731912797377101,0.6821025847428775,0.7299607397831556,0.7238321738861553,0.3797544144175091,0.8912173989334823,0.6898481376558409,0.4639777293430323,0.7916250633232282,0.7693290954002026,0.5014228805678321,0.0268780848029328,0.7464981604033849,0.8678045772705599,0.18547794214554425,0.7496624956337214,0.6566358512936942,0.31672837692144606
2.0,0.796485703820307,0.6561712566966953,0.526049967034709,0.8813531908049499,0.5366285857571342,0.34753205747422455,0.3571577319110604,0.8528602409954502,0.7530336836364947,0.3879528496273242,0.40087074003328527,0.2590876960337489,0.515796055430796,0.4098935634645275,0.4785413154904875,0.3922671530907619,0.6452683889035051,0.9009836802127204,0.5733188710494352,0.5429904548621768,0.7895424322593225,0.9366761981745764,0.7600665100589189,0.8386102382392152,0.7938185968460844,0.7097129219001627,0.5631270719531173,0.8550200631192767,0.555615403735669,0.8050280868929612,0.3330283511906396,0.8268920240940599,0.4370124846563017,0.3490530847119411,0.5640679741973794,0.5592422581947379,0.551924867627466,0.42122055972043,0.45666019756112614,0.7484589618044175,0.7711507731217744,0.676930793914309,0.37887723066571205,0.4864067364271076,0.8349761525868983,0.22386079406819961,0.10155034831861723,0.5067286340657523,0.6843024933275471,0.2887417821409617,0.7988622007246723,0.2959495678177024,0.18128497969789592,0.32552583331691215,0.5914646791381147,0.5738888191259875,0.874073179244964,0.7438145184167451,0.8909100336262099,0.6494757149097046,0.5146393685109957,0.7313162857473767,0.8432459218766774,0.48956118064064263,0.7550531604780921,0.12673838552779965,0.7813591792446698,0.647542998302017,0.16261177239231436,0.7966446530417647,0.4107719845607307,0.4578557381683449,0.72294898514181,0.5361498031042659,0.6616739415127613,0.8783212821983367,0.4980394151179252,0.6497890278124645,0.6275115089321205,0.778698229602499,0.33280087189142876,0.5367005158475107,0.24820540385943163,0.5204280513309292,0.5166252938464282,0.5461445388615852,0.6158432029005605,0.6943801543619258,0.8486541080989025,0.790189706604526,0.19112344514042037,0.48842557791004837,0.3584226286011756,0.5961557307352862,0.2936337285249943,0.699051367279148,0.7433151946681532,0.7455593014011833,0.5761324393370908,0.5419286569709707,0.5131311494882865,0.7183338169482661,0.3190144679835678,0.539146978606408,0.629140990523442,0.6918514669382715,0.2972159817202842,0.5792895157339086,0.6053124829502908,0.6454200468488567,0.3766087218439406,0.5449270504864977,0.6048815425654619,0.7904601723263603,0.6233399328337518,0.3613757300321653,0.6538419132635241,0.6612566869603292,0.5678017242218522,0.7822353047671162,0.09455537225305256,0.7284308317031813,0.19715057879355502,0.3522087066731899,0.3376018014551098,0.4587184436288501,0.7406788583536825,0.7135295520982116,0.8682590277305304,0.6019120550253123,0.7529948996856699,0.7374575357051169,0.7363565809794196,0.7528434456552244,0.8897288620691535,0.6508104145308884,0.4964963290594401,0.4463742074207074,0.08662885733238031,0.6407569959190739,0.7811862983006527,0.6341157631828811,0.3481768516190986,0.9163186186246209,0.9612276529591761,0.5545776251522134,0.3382652553491203,0.3665241472067019,0.9220547537647157,0.3707215197686882,0.5849397682913061,0.7101009006547191,0.8610097284240676,0.22776844755576475,0.4306833460090195,0.5715687869051999,0.30919275273543784,0.9523696356360234,0.8046946600280928,0.44985217884861406,0.4450916159210695,0.21588510473765166,0.43151460914018025,0.7427658558554064,0.49263498985543175,0.7967890519939845,0.8036366308921858,0.38161458310039875,0.6956003441419004,0.16739425944541372,0.8092369202491361,0.25417423128219413,0.2945973791644583,0.7106764822710349,0.36052642761234704,0.7213278632827702,0.2883077913743785,0.5218646774946611,0.32195917862529083,0.35746856506656083,0.547954625868511,0.8013179164247556,0.2802265340104465,0.37009466193141305,0.42132615706469684,0.2310886950215528,0.43284340712667785,0.18648778744375638,0.7062548731532113,0.5435689223173358,0.5745817903560495,0.5122937339977753,0.3244584914606559,0.3848784289938599,0.7687451554167337,0.45017775950073907,0.751956771504307,0.5499897038480438,0.10646666558177717,0.48752847639765173,0.7149836822506596,0.572321977816677,0.6543069677527545,0.48422040517886794,0.6218243675479579,0.41943870293163654,0.875133106012067,0.6669248088963763,0.6026999246265545,0.5801479301952541,0.31272392347521766,0.09448973906775615,0.7305757185051823,0.7522460391770406,0.75096601479628,0.8629410430334162,0.5004443280700882,0.4389367395871987,0.8239664942980865,0.8384961680313422,0.33581594983143204,0.23554367783196709,0.914025924452092,0.7544075156696087,0.7614269576396299,0.7844610028994365,0.801713030405425,0.7564291073247121,0.19005243492364338,0.5959086870825361,0.42012268679111875,0.6169490737006366,0.7016028968400864,0.36415141601337486,0.6724227265433568,0.5245018149975049,0.29610249099824915,0.5351371296167295,0.742171793902949,0.42306181894239614,0.5284188818307125,0.1632054102025656,0.5357651980718122,0.826226427412634,0.5042612221234002,0.5665417260575386,0.08419727154671595
2.0,0.917665225515556,0.7387524581966068,0.4172502372903121,0.8802696580444472,0.44684995794768173,0.5780556416182584,0.645194563353297,0.6314891059798663,0.8518330504162782,0.38550436771375324,0.6831847837532927,0.13384907409706057,0.362877481436758,0.5289653574973086,0.3741149874875016,0.754114266439235,0.5498546413171713,0.7229349784587097,0.5072265001103862,0.8560506909816102,0.5361542593898934,0.8232069700222551,0.5603146272502137,0.47304455115379973,0.3551770090179954,0.27746163314774724,0.15075576752088285,0.9508464869278226,0.6827774420878213,0.7269369017596247,0.6197406660188607,0.663484064353679,0.43880735348928457,0.3351238285787316,0.68271654923537,0.8959033814599822,0.5439105752894039,0.12506419398881108,0.2133776860619597,0.6330200484421813,0.7266748945844255,0.8610469234600188,0.5162479700002943,0.7390417362398191,0.9326749575459262,0.1307154245092483,0.15932349458771908,0.585680249816724,0.6292384445835335,0.6232016169278519,0.37685539166004817,0.9321945614266506,0.3137619991705059,0.639050401273511,0.8439795368956581,0.5256376011831914,0.8272248499136793,0.42914609308984186,0.8287751696351573,0.8430089188640865,0.3883978199533065,0.9480331849371425,0.7466766858230941,0.5747594129200126,0.5543639607012705,0.18792366069400585,0.5591382801161906,0.8906619034607327,0.4253502371910552,0.7070325122703727,0.4819875304629381,0.6374906126262173,0.7211158810666856,0.18808427755505075,0.49508476286219477,0.8885272909806913,0.5301282681611789,0.7014829879096708,0.885860307796515,0.8313669366301173,0.46065793085063644,0.4956319836609473,0.40858400055105,0.4038801528618123,0.38291642774311724,0.7341264212225088,0.21714518919122125,0.8593915940631273,0.5427151737732567,0.5340786793785594,0.16062132604128312,0.2602730595694058,0.4252400394230153,1.0,0.533314490064235,0.8000327373200925,0.7166952235874574,0.8937907451631671,0.5527696741676561,0.7287710286616433,0.24329779050339215,0.730468232979141,0.29689067839932304,0.7896925079647084,0.18602475494610873,0.6601309194359004,0.754433948204695,0.5804148362669135,0.6336956766523282,0.9636295432193367,0.7865546223947691,0.5878921300710859,0.49849666729103276,0.80898700143562,0.9406441307926693,0.4524360311735035,0.8154915623914772,0.5455780220383044,0.8057408058474459,0.5739537852381764,0.1533898689516055,0.7724313438066268,0.3420856700747582,0.500153308655286,0.5557507270893692,0.5268933338028422,0.9461352097805938,0.4297791051726134,0.8623229984865307,0.3675413640169186,0.4634197809248267,0.529672609972889,0.38526762779141255,0.6635414049796141,0.8734006174388865,0.8843910862688299,0.8703359456953986,0.605578699438873,0.2802319977720151,0.6733670240378116,0.6410790851512208,0.5257295734784223,0.3627586302475917,0.8351515921840793,0.5584882770545647,0.777066936051175,0.8741247737856531,0.18916821986339485,0.5575428532991101,0.44988356956161446,0.46339421642356704,0.6918176516717707,0.8790430811674529,0.3873435440078891,0.6473417342722476,0.5519963995321764,0.59237710818843,0.9620020330923778,0.966125493228865,0.5363761358644471,0.3798273423560039,0.2748304296858835,0.6920727791170136,0.8675129498422852,0.3484135080616531,0.800989031656509,0.3805512224831083,0.2934471330303682,0.9424245821101732,0.22347131726675903,0.8912919588058192,0.577489926014301,0.5681391421650847,0.8572161899086489,0.49440359742188517,0.8193725521712534,0.27937769978185056,0.3671529850237685,0.264843669678715,0.40441459336860563,0.22954841931816858,0.8789653470871175,0.5037687952061681,0.5301943553738737,0.7640245121760469,0.30662120583297664,0.38460780078771056,0.5355081157270395,0.6893943269086706,0.46763832004722156,0.568857435984024,0.4243994352615337,0.47622177517483505,0.4371993031878537,0.7814531052979372,0.4306991845148589,0.45694626947451095,0.6644357835077624,0.9277564167058177,0.5751830387111964,0.7113188316320759,0.6816903296370617,0.8722344665256463,0.4293181395368283,0.9930790806739805,0.660306895207764,0.6211290243837269,0.7758114935927778,0.4826327409558571,0.8264767982766117,0.6580296023468445,0.3629025221617671,0.35023003284322346,0.2733815320739722,0.7035888778727072,0.7989951018439398,0.1938975155835128,0.5380470290830476,0.3871464012535836,0.7771461558522428,0.599019297851204,0.31672415624563055,0.8920297261005978,0.4288985787450599,0.6190156206743893,0.6639245575617635,0.8511383503523458,0.3272994559343566,0.6048875030696852,0.755540250967194,0.6263770264301538,0.8643799561561699,0.5751894589583522,0.5487301693888055,0.3026798885590516,0.7953164138201376,0.7214190195993453,0.6526084026167913,0.6393238961659525,0.35749226352307706,0.5070257615984162,0.5575916700049975,0.6437827105105227,0.8111505650213768,0.5899456639321765,0.5138102201908694,0.23368562216565542
1.0,0.6794815124789784,0.8243609506246449,0.6508204158288818,0.9511583402636862,0.5342700924819211,0.38628599508521855,0.08878552442275321,0.7650549533628677,0.8503454896450008,0.4791365640006311,0.6450633527494858,0.19129228585203795,0.43373007723066004,0.16610676801599494,0.22872717610706103,0.30815101949019436,0.4521605611927961,0.9172750682247073,0.13319051566367252,0.35046481421320036,0.9254001779562058,0.9622549860229129,0.6006281942365527,0.8857769520279248,0.7966023861207784,0.8748312065205118,0.11709742180920121,0.7379709610878433,0.6232568820133292,0.5551628932769671,0.9065996862447984,0.9624541735337454,0.43452372577206877,0.6005769554586918,0.8549748578634191,0.9430241293585326,0.1476439491029208,0.2650137953798168,0.2968990515976566,0.4415786738874649,0.5200062443300362,0.6865551653123466,0.44420126364059753,0.6496676287862575,0.9517973440093496,0.14586743727991916,0.17057946206150906,0.4491704483873706,0.8043625793552108,0.16658962151688644,0.9076360223534552,0.4406565078666488,0.2804759693743866,0.39294082072657177,0.6092250676989681,0.5480714154563261,0.818008991974085,0.6082778048216296,0.9690068986061204,0.39566346363970095,0.7915254814235133,0.774229089287297,0.7767439222548175,0.4839058002178214,0.8275068512884557,0.43907858475159034,0.7744367427975304,0.6850378757182125,0.2756088619316242,0.7174386080092313,0.4723374834484933,0.43672015408202974,0.4775488137656246,0.49343328991395985,0.9219712064259357,0.7488594826984399,0.6326719677683733,0.7717371317628908,0.7198827936547899,0.975694530687174,0.14543140259936702,0.6042792575786338,0.4115891998625303,0.40248041987659855,0.600155338148616,0.5585176656708245,0.28984732870603086,0.91080504121367,0.9626839401247561,0.9124169379480914,0.48311307345942406,0.6784509865463637,0.481208579419674,0.747984886956635,0.22591891677797574,0.7626097226644986,0.9415222922842924,0.9163015295129668,0.2739325636204797,0.44418358338086655,0.5570970455868686,0.8585998427083968,0.41674029064239565,0.693837297220401,0.6188478450748054,0.8036360043072835,1.0,0.2940564249960746,0.6466340221695884,0.8800187589387475,0.4369930167124872,0.6352657964857923,0.5361048316259721,0.5257716545388386,0.9175166853333858,0.3048426126076604,0.8340709379128681,0.691381986799156,0.5083753024402519,0.658784830642272,0.2655948872147295,0.6479246286056527,0.31325232081821447,0.3007549402582589,0.4256209926299398,0.6695730964524644,0.49830650300402674,0.7700477483465289,0.4709378071212334,0.30044942089236376,0.690018992786464,1.0,0.832435741160403,0.8520943654653452,0.8509803994001759,0.6521975999012457,0.10426551388496656,0.22417177480023653,0.34063338192223236,0.636305100776192,0.9625111897187806,0.6233729035400162,0.4452198799995944,0.8919746068800684,0.9880503848668479,0.8125609213997385,0.5146142491036557,0.3322126094892533,0.8134482976626557,0.1729000503968451,0.7252028597051222,0.793261157305367,0.7837754436760703,0.4303250084375538,0.46113645381079116,0.4444353352932473,0.4076390548439172,0.9448398212940617,0.9911470557510813,0.530941279243777,0.09948222745710023,0.18323074227461053,0.6694153663697482,0.8571867115479599,0.4874475437348675,0.8658924103585148,0.964049502755314,0.2576870843881234,0.9050345948122184,0.030031216782178228,0.7955684980624895,0.4584285767499013,0.38860677946879535,0.6693728969309056,0.510878145160266,0.7157906795968116,0.2859632971787644,0.3370836756174638,0.37664533855471977,0.5977436456438372,0.7853436427368762,0.6979195128968948,0.21275523813207015,0.4481101240493509,0.5664501291503095,0.16084426245849598,0.7189173690437516,0.24497844109961167,0.7753979452433812,0.42316757654207826,0.32688880132426984,0.2781217546618222,0.18799946338440715,0.524161957938502,0.616607510336215,0.23278727204299673,0.6408268017461699,0.6850294840953444,0.5750729648261996,0.6406546324604728,0.7297461506490679,0.4301781921005731,0.8376383234805522,0.36720385851287574,0.8485015778440854,0.5497831420205671,0.9602583760776179,0.7916931141506869,0.5865121057584739,0.50768456928835,0.5332365454376504,0.23611976235194929,0.4789940441829487,1.0,0.6948669603988277,0.644817660187659,0.793294604484246,0.5071777996552786,0.15106922267423062,0.929906992347689,0.0818472365279933,0.32146157617053545,0.9531684611423493,0.89273934683732,0.2914778028922388,0.5672457802962175,0.7049734113382795,0.7202229605830848,0.25822644445519616,0.1636031817438983,0.12228535743604459,0.7306682318598305,0.522555083804439,0.355242248352005,0.3224365592115164,0.7049823089085662,0.5750425005079176,0.5283205128667627,0.8540967328678805,0.19408566131915697,0.3331793759098178,0.4175165404617077,0.5775055178754678,0.836109889840802,0.80873051529371,0.4394440039446737,0.3223108407550942
2.0,0.7930330232748352,0.5761746353693437,0.5654721325185316,0.6481887729537262,0.14974575518505548,0.34057575056509637,0.1315149443777225,0.7010313036054229,0.8105105713748016,0.38574968670038573,0.8053228697225473,0.39276677198396226,0.8573371341240347,0.06492783958519831,0.27983895531236924,0.45079512190951926,0.3531783920725115,0.6937877540646031,0.3132144454522437,0.5454625742705261,0.5969043362986743,0.8165074590813597,0.5167384241435226,0.6873528769112278,0.4621278048734827,0.5679676146161515,0.13166912022393176,0.9119428881930591,0.6649221308406722,0.46442501418341864,0.8903631184448366,0.4845338478146046,0.2976446176174085,0.48253922169962743,0.7447213475597831,0.8866316257781471,0.8482397334835405,0.5762831971748712,0.0,0.7860408098317029,0.5797466119632372,0.952047123304272,0.7032918629710508,0.9961329350614143,0.5955129648955398,0.38490790126135754,0.3839297847428545,0.04666097827645999,0.6110249663101873,0.8217176980880397,0.5704723409671535,0.8375561764280083,0.2752579745634574,0.3454882591944325,0.3922416864495922,0.465553398212447,0.7975473745598213,0.318414992196424,0.6737776237040987,0.5285646685573897,0.13034561349689683,0.7519128758841442,0.8315274809442547,0.7125127233373096,0.753168706415866,0.7965344675129413,0.2608370619847505,0.6096012852110209,0.532756761945686,0.7619569002147436,0.34589150260963625,0.7174290506300636,0.6023472534073212,0.2972432687327582,0.2956728546383,0.5266952884654215,0.4633465392633381,1.0,0.9146804857573455,0.9856889402736703,0.6167497321257063,0.6252081566954957,0.25618422930577783,0.7557830915640993,0.501184015866528,0.6394375429545692,0.6492714705007214,0.5877950999607774,0.4353254155020526,0.5818483736998907,0.17996027609543455,0.3766667368070317,0.5347177730517446,0.5570085180627771,0.869434021658518,0.39670320800368475,0.7780536451268875,0.7406164765292429,0.49586126609314574,0.5411220137834633,0.38013863380013746,0.8847966452388918,0.05594721045436444,0.8291418199284458,0.7075215951079318,0.6069685584032032,0.7392535737227057,0.3429200618177486,0.5788553854745974,0.6962487977455646,0.4685748496698264,0.6177686020431429,0.41481833379084593,0.3487178814451861,0.8186447129365287,0.4865848407165181,0.7638365025864067,0.6870243898547684,1.0,0.8946225233870481,0.23322003985984763,0.8597589419583597,0.579660542003055,0.3603174529763992,0.29296183740431275,0.666200771545729,0.6881760363882345,0.7675107980696977,0.7678390843697732,0.11232946021149148,0.5981140410963306,0.5771110385880645,0.2812672772962518,0.31077875162730206,0.427595369167611,0.37485385684121775,0.6821561783399399,0.693481824417525,0.8701587854130004,0.702403509467977,0.47956491993583045,0.6056977000212586,0.5750673197151784,0.9211227932821291,0.9032063958704465,0.47980224835161034,1.0,0.4827209384536151,0.6368789334109786,0.6245165630565886,0.5401912831521231,0.7665617414372072,0.9043438941245873,0.645263135791237,0.2431847025065628,0.45562125853504426,0.3521423175940818,0.9191267289131418,0.6951863622558528,0.7964095054065636,0.3754224523842231,0.24942853890442565,0.6424884759187893,0.685362778166722,0.9806209314373591,0.816033461825381,0.552721110882794,0.0,0.6128564026273198,0.20597431421736068,0.8703885502357565,0.18848674080046177,0.5305089102891393,0.6289737393780326,0.4649012300738545,0.7135607797219923,0.45109266408618565,0.4044942684507307,0.7781870363079852,0.9002598562025997,0.3200537259744094,0.0,0.7551294168035484,0.08003966514078577,0.6065568290228903,0.7823006257351734,0.5618039004438854,0.45877714406039855,0.826397669963825,0.5003796817916665,0.4180803301523603,0.4111764185380756,0.542570296442598,0.4927877425242986,0.5836777328839133,0.5884735843301058,0.5053206837337362,0.5785190886622396,1.0,0.24823039204516315,0.8406641959318364,0.29874987738921016,0.6723614341141001,0.4851722726312471,0.5120637468720481,0.5203824564066925,0.6249193351502075,0.6711131459191869,0.7667458045137381,0.6532953464319349,0.6641276492210173,0.5092312623778092,0.5988760287320303,0.7381609769070968,0.45813773717886147,0.6783327774384826,0.25423347746850045,0.5595920249265806,0.14935133832228745,0.6895432456917439,1.0,0.3244329422208677,0.9070957833801979,0.5494812296712587,0.4556156947025637,0.6176510181696123,0.6988929866284223,0.562910035292988,0.6743973230817454,0.27226423599735533,0.33924028353242447,0.8169227981418858,0.34124662256677313,0.5265896916385532,0.12537525033944397,0.4794502619796955,0.984877466969749,0.8115609809484595,0.9408436157173649,0.5214740278488438,0.10987336984898,0.7686091600112716,0.5144871902513882,0.31783873958002695,0.9093390933102277,0.7178315525441621,0.71275866421158
2.0,0.8341565227461513,0.6775767301779587,0.49332034948653464,0.7559539168245445,0.4406521971401649,0.4117914741110434,0.48994885389255854,0.7346452645365978,0.8672424432639773,0.5501118098700624,0.3011448755258677,0.32706270080712574,0.46687588607703573,0.39505562223067703,0.7062786871959126,0.5049773861777371,0.316900218284603,0.9340528433833454,0.4604809120217866,0.5648078164807324,0.906171395295687,0.9230160464061836,0.868448647232691,0.7398498003490317,0.5494329189338427,0.4291557671815357,0.5553601395869122,0.7431525292435566,0.6125192227463615,0.682105010144685,0.4234294552762972,0.5563732858645298,0.3967855144417717,0.5841862984185238,0.5793177213068216,0.5987166289339014,0.5444530427298521,0.24912086252292462,0.5083786433071934,0.7660518045086196,0.8335538231164995,0.6494440041857387,0.34206582008350195,0.5389414081316231,0.18915221906939433,0.3270820653912363,0.2592493758315796,0.14801680658577518,0.8702374681210543,0.7302449106809361,0.7025347435129475,0.7828612961741738,0.33199772453506254,0.6552319957584262,0.45990796915157894,0.5454399220551678,0.8772245798958495,0.9867473449225177,0.8346618448997591,0.7470890890170567,0.29354684992699603,0.7676988940144633,0.547230390707824,0.4681233775527012,1.0,0.4489686532987572,0.5993607492395272,0.8770665812937823,0.044544650587586554,0.6054971180216304,0.5121847625767946,0.506873502323427,0.821763310132312,0.32243658216218485,0.4880358226931734,0.7773671920735052,0.5742222537492143,0.43977350927527425,0.8302483933882449,0.6284387365357845,0.48748593389949635,0.6968909104664427,0.3691483261089031,0.4183775727865522,0.5413813771992215,0.5403849644814765,0.5639541406867128,0.4762229810495478,0.6253829775242664,0.5669710928056609,0.15854586502040197,0.32499542430541195,0.28244833158544597,0.6114337869896772,0.6007478262714396,0.5148030881365858,0.7995243714070115,0.5257664950450999,0.5648272729598169,0.8238356191259916,0.4208326129511007,0.5927141263429285,0.328906636573237,0.0,0.6910091955578969,0.5019818708410306,0.6026650261465807,0.7037581723914695,0.4090797435170017,0.6269759003015474,0.2515552665578468,0.6267479289104809,0.6715206931595937,0.45989445191313283,0.7030085903154925,0.5265756244895111,0.8200865756218828,0.6603527246675549,0.69484388746913,0.6458020932627473,0.046834108854401715,0.7047586926643563,0.6008939142126349,0.5785131527666886,0.7827118940516739,0.7259010990867588,0.8432582452324913,0.861103019469837,0.7805091285975055,0.6581815266599903,0.0,0.7348037980474242,0.48377974996704504,0.5027936216126508,0.13060383238760606,0.7402296213621787,0.6885650513854115,0.7031096629812873,0.1290953026696501,0.7364124729400882,0.7557004783947608,0.48076341728857336,0.32227349016642987,0.704988074402071,0.6498707959013666,0.6521339570019483,0.6120261675290514,0.37893415586693874,0.7441436219964498,0.5715481053569745,0.8336129670953448,0.6442981068964251,0.9946313839529275,0.5828510785871269,0.5771941967665378,0.5407015773826882,0.5752523330857656,0.4185855110460612,0.5997723336071493,0.7020503079091263,0.4594670386588856,0.3293146627517118,0.6459799789467938,0.34014596206518427,0.7607237769739175,0.7313146555537343,0.6615926462457998,0.42510552330106915,0.0,0.32364590562020423,0.792067068411184,0.43928089665088393,0.6348225299745965,0.6782202079985271,0.2638389610094395,0.43790800828640924,0.5977777414842464,0.6525228959048589,0.13596495400045516,0.4791100929962327,0.5193035940627408,0.6087249696800603,0.6067455202537174,0.5738400665383706,0.4878388135399079,0.27737891774689466,0.5805111662867111,0.5029440119270787,0.7642782463739196,0.4617239966582767,0.5649756850615091,0.7584442701857063,0.2837009875180158,0.7680025419866251,0.7847291430690986,0.7339867452285089,0.7051894400992079,0.6114123753871555,0.1951639244183658,0.20799120378803013,0.7537606667890896,0.650233331555,0.6774209587169581,0.6399390258237375,0.6493164373196462,0.6912764417431434,0.7487205233504605,0.6414123410635921,0.7205430847247383,0.3398082472358808,0.5290245079124205,0.3403452084184187,0.9257144291983384,0.6476849907981833,0.7337535497639026,0.749446422503227,0.49712346604062596,0.6029383019066472,0.7413910189041453,0.5187320234361674,0.6659638046730989,0.5312171858019209,0.8691263368567682,0.7448853204200074,0.70798457903597,0.9107204029087677,0.681983021336143,0.7361692911435687,0.22719359696910418,0.15614737321730043,0.5560628698180786,0.6414244709599448,0.736863506179191,0.4487614054121859,0.5899287499592328,0.81193094403622,0.6105114335467797,0.3870817067879435,0.6127277000786313,0.5929272429162235,0.485034704511899,0.44985232282067716,0.36340271623309,0.787713807263084,0.7808628153766436,0.3775701783908859,0.055489026752618194
3.0,0.607501610286144,0.5425519811059761,0.5391034405319071,0.7836893806464119,0.448783210073768,0.5940659526725867,0.6672889786048586,0.6679730946404147,0.8245031126444534,0.5961863976365849,0.31878318349829304,0.32253927967930157,0.40088951853265203,0.5290432121583504,0.6487060334264424,0.45676925596086015,0.6212486583199879,0.6604014435623504,0.18680747549409799,0.788757416310557,0.7512380186509556,0.8054366666956475,0.799170070238233,0.7211681347251666,0.546580582678186,0.5498886836759705,0.7045139047374345,0.6466937263757057,0.40954644048253847,0.5095593322745005,0.3643882903848551,0.5887465606202615,0.4433341600797577,0.6260840533348768,0.5961155366683976,0.7191320444498424,0.7400767307990547,0.15842273187449107,0.4180398344135846,0.867977509788322,0.5763562494034932,0.6675631413278992,0.49284116342739764,0.7009478696730519,0.721700238091899,0.07774830434529595,0.11227746373724064,0.18538723244559707,0.5996094527132412,0.16057995605104258,0.6633177603348777,0.7212611285571139,0.21903557521762557,0.5823779115590649,0.3420598858675654,0.666411825831146,0.7659743804385033,0.32026095160496504,0.8138692275623789,0.44179424647892884,0.6264648541322945,0.32021337927526733,0.6898307769092054,0.47189611840529644,0.7188553782307715,0.5083606177828385,0.41766473910405205,0.5304420685401003,0.17312504926492767,0.865506033910161,0.46110624352438245,0.6052472180387023,0.34404327046885164,0.4817521683559589,0.66337901519838,0.5184194453132561,0.499235454239945,0.5991376628176495,0.7600411729704531,0.750919747002006,0.693350776378923,0.8715551308300793,0.22996174363518693,0.541442105034393,0.6666621076161579,0.5433380676848634,0.6477386846694576,0.6773733539318222,0.541404671372618,0.382666938452087,0.6063067570826477,0.42981722147468143,0.5427292101051568,0.2161455378971707,0.2406947503991255,0.5774465562662967,0.7455196937578075,0.6504167351322507,0.5810150762574531,0.7650268812227415,0.3886659710032735,0.46179404617555553,0.13010541879749496,0.5923954493293774,0.6928499773375663,0.6686537004260783,0.5097958421478008,0.6890051929180686,0.8971253936199399,0.43717859334408277,0.510495970310981,0.7047328817461695,0.40144846982826676,0.6028366619730308,0.6272962904135148,0.4138433518393308,0.8408036840320098,0.633607986510815,0.5953667291336839,0.7047724623126926,0.1618640253459739,0.6202754064052476,0.19989264945048482,0.40697122194260477,0.3782588409355576,0.4241981753157711,0.6568293913094289,0.0,0.6095212173917892,0.6607056427670434,0.7463085274356176,0.4613037762882272,0.7287066535190123,0.36226844234387545,0.7352039910846562,0.5205406405896967,0.7598955612033068,0.7133881332983207,0.3425555694734269,0.729150766007314,0.7060445722106906,0.6615700409067838,0.49244720950597104,0.8794612501695042,0.4579048649237658,0.6521339570019483,0.6086451603962151,0.5933493886752088,0.7378948314430601,0.5563946590953299,0.6394336742152159,0.8021108610843883,0.7943468962871117,0.15079943316525332,0.19027499947087415,0.3326968061123848,0.27309682902826754,0.8802923022954862,0.6837142140625578,0.6058603657286475,0.2279300906821864,0.3740958370255784,0.7754127794847022,0.5713644081699086,0.49646432579178085,0.7210341324075586,0.514637201165515,0.5720619190738832,0.7305870927443646,0.39588620811897424,0.754059437769734,0.7107152286000792,0.40487730841101005,0.7891258048747025,0.3221126421903333,0.8856500137247628,0.5919244962946562,0.42905224097352673,0.72800849402946,0.6468059013576783,0.5495091759819621,0.7869172797801919,0.4611215856378004,0.3730995539329344,0.6397762854990332,0.396692544798986,0.6024198022013854,0.5237846805263187,0.6797587222441765,0.44301614132178035,0.6107727123313371,0.8311032381495653,0.41691479503133483,0.6302312493301508,0.7259576446031819,0.5025126151674547,0.3293950714727582,0.5770038766016221,0.4072515374203814,0.8030472089814487,0.5279772203754459,0.5370880751282874,0.6937400943039297,0.7509309474635999,0.7074647917394477,0.7188772599215298,0.6807925863412716,0.7890499553233096,0.560174329138721,0.6408527857794519,0.8002954188666395,0.35595763219059695,0.6623895235927156,0.6730952171838044,0.6635537639801545,0.80251227465434,0.5213211188224187,0.646352712087576,0.6324582944567777,0.6924065563477064,0.39736025129522007,0.5692855674655838,0.6369745012033662,0.5718296943849742,0.6149821071301201,0.803156276867399,0.5681919258824704,0.7579145217019917,0.3534708642129152,0.4328750227869449,0.5196877546395348,0.717456611401836,0.6078296020990385,0.5868354145399554,0.3877472120116636,0.8969123383245203,0.4623329411095977,0.5304118082494779,0.7771884031830766,0.42821007740275135,0.5262902023912396,0.5569214701669792,0.6749559678844822,0.7985206186533902,0.7515955194471478,0.698992278822357,0.6851446424151147
1.0,0.5915480394860517,0.7130947366029905,0.3590354487458584,0.0,0.5415575555778479,0.42729329294517576,0.3342754774049774,0.8086069150399839,0.744903122398871,0.00024018356704111647,0.35448207139266785,0.24891073503190178,0.3095584516988452,0.13052234124087453,0.6027237906663074,0.2768667046315587,0.14283754338120103,0.8491229348657646,0.4501327527796689,0.6305118813572139,0.6887747863410055,0.9460288417385638,0.7394672602242488,0.8652652449391169,0.9861970685680984,0.5932442740920326,0.5275548690165803,0.15663636921838112,0.6014239842583884,0.7667414122111367,0.3138311299090239,0.7617138628700555,0.441823616189539,0.6925949526463469,0.5331613884157353,0.7046736021965428,0.6471155905307291,0.2640279461292923,0.5019245814050461,0.5528409133854485,0.5970507127928836,0.45004595962846805,0.06363996282480208,0.5453241612062912,0.4188370815437402,0.24967292040909178,0.07157603357696908,0.28464096176807585,1.0,0.15128661445191197,0.910166415225247,0.6302573831202365,0.2606727076664995,0.34498332455374253,0.15330886367101118,0.6522923280737295,0.7978004332506371,0.7535337611442934,0.9472102533008174,0.8397885703704329,0.9288454194191638,0.809308024363427,0.6088153094500859,0.4925697872605688,0.7295631033424274,0.5344294365918331,0.8091992765869772,0.23216114807972082,0.13323720432110733,0.5219834464418511,0.665807812319459,0.14171511556999603,0.47187725378922496,0.5948340346885288,0.30689063961060753,0.921202130672989,0.1719344427012841,0.4281090225747493,0.7241857865099642,0.414606680314128,0.09859865808464469,0.2500457708946612,0.3505637061413634,0.4157808554514764,0.4983885422933946,0.42044359104273066,0.36239601559784107,0.5087406794295097,0.8276740139292498,0.9425138052918027,0.36078839554578795,0.695029241020595,0.4295981902075921,0.16037357018828197,0.452212104389813,0.6503419109764743,0.5892080908002391,0.6650744218306759,0.6029645996211309,0.6302987705915855,0.6239494932126247,0.5640102455453906,0.5116786037187603,0.23825833017287354,0.5176065067628466,0.4017937247071027,0.5023090175548298,0.5475610495683072,0.31716604753886685,0.5029510203004696,0.6234860283712282,0.528848877415118,0.5741357229615518,0.6784163170578541,0.6481918105368666,0.33210785978508767,0.7026051022138178,0.5948032163231198,0.17495449492849824,0.6064643959661931,0.22658515524041567,0.5677623215818065,0.46875493710670724,0.27617376849882463,0.4118378798292126,0.4144179700510405,0.6394127509803682,0.6028201321392592,0.6023802036219292,0.5060729630090448,0.3094715163766989,0.9070486079658836,0.7499762161368755,0.9097597226624514,0.7638749510015167,0.7200380791987672,0.6972441297044246,0.4364102501716805,0.16751028887866729,0.7052261538823649,0.828107865551993,0.6280597803479824,0.17392186807545862,0.6353694521522081,0.6888990190285377,0.36651619769682126,0.410494791644174,0.22169572080523506,0.7621193566489031,0.3207932873097486,0.5851873125684728,0.6959323652871919,0.8396128812007788,0.5067515565125407,0.23980041990752093,0.4307380492138447,0.4726179385811571,0.7383774949156878,0.5360141838182756,0.406719353360962,0.32622159471819506,0.05383929472005471,0.20783184365847482,0.49194125475433736,0.3748990819144988,0.8239714101737465,0.23417494738064426,0.4841367874214213,0.5573603473872323,0.2650180874029798,0.791785447938889,0.1745471073487156,0.19928183614837747,0.49955727293127544,0.3824329628140953,0.09724470733817085,0.39261668828894913,0.5172200309043554,0.26709745370560023,0.7424123137893959,0.8384445381284359,0.8089191126303896,0.3655424175365657,0.5033385473492215,0.4339884134658647,0.05637845178206375,0.35259680144722494,0.2600652582456571,0.6962711389660947,0.4426372463121797,0.8189671199077605,0.3700518845823035,0.17310844179042092,0.774477733454508,0.7011594449693563,0.3619502435007649,0.9166680336102616,0.31641023118985906,0.6515463220046442,0.0,0.6559663286420534,0.5817972966575742,0.5002340337144014,0.25610244774824564,0.372832407442762,0.3788527555983694,0.9710723036572935,0.5870930823393243,0.642255914749247,0.31905825376410146,0.2613514469964196,0.010240473092934035,0.6403740058766468,0.544303810982816,0.8227556329920008,0.6238471943822391,0.7078229097387174,0.508222561753812,0.5413066304277043,0.5917913268738808,0.2785689812803548,0.0,0.7808373681345694,0.9261476784573502,0.0,0.6362965182545185,0.9656776373139424,0.8150534144177608,0.4067837379970958,0.3404164070205512,0.5164671377680838,0.6510975528992694,0.5575337199373138,0.18569334707536414,0.2691598566329305,0.5475342708214456,0.48953407459186277,0.26744872482900456,0.8500155113878181,0.42508254846928367,0.5615440663738168,0.45125863651284975,0.18002420474621403,0.7669563895099301,0.6395482287420698,0.5182946751316672,0.3450705307834018
3.0,0.7908030976387185,0.42302418501906863,0.7168960874647968,0.6431586078152757,0.6656857670495778,0.5957879094085947,0.5265594283137061,0.7084456665741996,0.7958442164469391,0.5054118410790037,0.14875265871871998,0.6072693548009366,0.5168274602566201,0.5797634352126608,0.6620873983997784,0.2501721278047182,0.7671393357908167,0.6597293540968001,0.574790039770056,0.7602154179350163,0.23302171804752603,0.6718271529145431,0.49842796598015254,0.5032592512698677,0.45453791724322506,0.45843529869231225,0.6180942181677918,0.4649661799678708,0.4952129017261009,0.5558634109339843,0.28149599240405,0.5635807753581416,0.6400029941165869,0.7470821407814504,0.4792317435353181,0.870240674722139,0.5581538646748097,0.6058082498369167,0.8288220706878214,0.8235668499052002,0.6260361988198908,0.3182084470155503,0.5973353943982763,0.81699101355768,0.741340638240196,0.6268803414522349,0.5204712380266444,0.5209685727265452,0.45062605337963896,0.498701343998698,0.5037019889541985,0.7332414659268208,0.7983764731835605,0.5028111966653975,0.6017454329260343,0.5846915077393011,0.5696097168803304,0.42113926646072686,0.538497073975067,0.446077304792368,0.5127203598584416,0.8528362754820099,0.7158302941012434,0.6265733846578977,0.7122882908424081,0.09362655674230215,0.21160435178801487,0.7169008684670494,0.6016231373866258,0.9230055891724668,0.3752633047649485,0.4615213352922573,0.3518191462379424,0.7875330567084149,0.6566491643254714,0.4092314069176645,0.5767904091657746,0.8391316523569687,0.8386856109899046,0.6356551190953545,0.8596728531059028,0.7370865242207046,0.49200730312073315,0.7623133323662337,0.8216411539113342,0.4887878958273781,0.7717496291742161,0.5731156823389273,0.4020205444736799,0.30727724658278144,0.11333565290743973,0.5544764196307272,0.5673137565119256,0.8859014747498865,0.5163966805687288,0.4918728674439017,0.45165386105624855,0.545610906283252,0.6110305430694003,0.9172014697764633,0.33587998823824833,0.6211401479612534,0.2812107627675134,0.5581388615280201,0.8059138111670093,0.31143224885401555,0.7093827349587944,0.4853997883076197,0.7631184104919861,0.7360414675814372,0.7596207826940816,0.7503712180559227,0.6021250552682923,0.42801659166333245,0.833729009313745,0.47408606497941597,0.8829128031892556,0.5410062068979012,0.31622747293347037,0.754341519790919,0.2170407700353084,0.6930195805556273,0.1267739677149731,0.2795435236254428,0.6034481348309126,0.7746822668049019,0.8323542104423228,0.6414144679511282,0.6235584797991948,0.5222392671701527,0.15420495066852083,0.4812583818649931,0.7325443772307398,0.349568721804641,0.7507981406835065,0.5146187424359069,0.3440992863865093,0.8786067323884755,0.5722563295133223,0.8089668386197202,0.5689851197371829,0.4955476483727395,0.33771466681805257,0.8036093790010059,0.8388967061002065,0.7327653455397051,0.6083053282454759,0.5053427985355721,0.822234286705241,0.5273869389130363,0.5923073228505289,0.24635248044131325,0.7973458555960042,0.18465146490955991,0.4927768011262969,0.23823077758764225,0.872345241005846,0.5679314175626428,0.7754221101474724,0.4727555069528892,0.33922869754267704,0.29856582980069474,0.8160639490342734,0.7374132585994223,0.8445439854791862,0.2270949487882882,0.6551345517730347,0.6558892972382738,0.42258207048669494,0.6077360120365061,0.8620605437937129,0.8832372049077125,0.8811880652503443,0.7726604332148407,0.8159066717484235,0.8964772068330562,0.5267029629642047,0.5612552795023963,0.30787644603918074,0.5515187442617436,0.1279879851790655,0.9079790194640891,0.361787906164879,0.0,0.6248034992708106,0.5423128041916635,0.6234585304537639,0.8394345313260705,0.5073111389559953,0.7834617917593635,0.5906551199443668,0.8386297412126756,0.39910299589395787,0.7437093404714799,0.6600995368613476,0.6045982884316056,0.4104932705079715,0.538755079523155,0.3225247879522162,0.440544306522103,0.6927564594170977,0.3708422396348618,0.6746198183353792,0.8807209805730379,0.5860775020590268,0.30307084810196766,0.6433153404128404,0.7320737471636557,0.19440347422897045,0.6023721233463389,1.0,0.28322895034304235,0.6829221088737669,0.7720578044878768,0.7234431144901318,0.536993062072662,0.07261935330008759,0.7048856904533017,0.11618588314166144,0.7292662997869824,0.644563161345128,0.7990172429284319,0.733215370692883,0.21249516143310643,0.6901684510794497,0.46120264210432127,0.3915052537090947,0.8605548833802863,0.6307330606075988,0.3339014233660841,0.475865209861664,0.7666190200451817,0.8974759482456149,0.6300195523477419,0.4051549259966364,0.6332970221587357,0.7084270384898856,0.7168372618399722,0.7713509238629679,0.5699228561526157,0.5712529860762737,0.2538606253903973,0.9780341465214696,0.5211520678507158,0.57879667977177,0.897825937012228,0.7456678603607586
4.0,0.9302414453640195,0.814920216044379,0.11102175894309159,0.8682925217029227,0.42079224821411937,0.5018688577536033,0.24435762442684594,0.6248006403507973,0.7541719893516063,0.4172443115370645,0.3802162061439147,0.49002571057321026,0.5414680430772421,0.05616302104123965,0.7416973046834093,0.5790982811476132,0.6183273104549109,0.7121914740489673,0.0,0.5779715592503215,0.8155275033193291,0.8059059251801963,0.7795851979302013,0.6350872987525475,0.5290968894468459,0.576790986756042,0.08935565690217726,0.648967302222669,0.5075200986339516,1.0,0.7150085469435772,0.7237319119020993,0.36249187773280295,0.6821490696876331,0.7024205176383519,0.7161801620386793,0.5045431032662323,0.43257988127850167,0.2234399940651836,0.70964843088553,0.6606582684742602,0.8749472628641494,0.532076151756988,0.6864238125749793,1.0,0.29780717930547207,0.3314341365796035,0.0021343424023531664,0.6960881310375969,0.5037858359908144,0.6354553879817366,1.0,0.3166728602978919,0.4794380383468114,0.40506009314807084,0.609838291165334,0.8087803030664701,0.7711031971471909,0.7897901085616504,0.7532492604721118,0.8399265915599771,0.9076056739272712,0.5876108244190437,0.7317226294700315,0.7359600489654138,0.23424226500989867,0.21511241326954392,0.8765286257674737,0.20618868331847764,0.7811242975160824,0.6090566353490363,0.8364341309656563,0.7736488393459295,0.7104228787395738,0.8275044092188261,0.6158352166959462,0.5886055233842798,0.5819490596709127,0.7180590078117083,0.8868210514067234,0.6828955960143772,0.6743114995773121,0.7524243700410362,0.7443705111946386,0.7872529830026822,0.7612461204139546,0.3679300430032757,0.8111021312815557,0.6693332228009617,0.2765161070831725,0.2542042290965184,0.24784537472184673,0.25578744111161716,0.42012379625755414,0.6719504873142537,0.27984488157011256,0.28582575715803393,0.8621558695501891,0.6277934647819737,0.8780166873042207,0.23026378570033287,0.6679182267207894,0.08440956617613597,0.7497742947832066,0.7381048758643465,0.7455901559233258,0.5794898488740159,0.5786634338811141,0.8836655592524698,0.7167519267221817,1.0,0.6750498171018733,0.5912825111101497,0.4595236176196619,0.864232163880484,0.45039989655939283,0.6374058146078421,0.6460303172624525,0.9114592351559354,0.8519952198224537,0.22872267006429356,0.8189021043685354,0.2978247936172079,0.5001744717980543,0.6612700893758877,0.7364872869145682,0.7212900322264109,0.791960138371131,0.7440871507703635,0.28847821425299136,1.0,0.6079632203287745,0.5996100909958308,0.2201627679442135,0.7486429461074494,0.6246255781868395,0.7189143290786867,0.6439508548285612,0.26918190713331436,0.7152761049373021,0.6080843930111867,0.524865783754305,0.49766979767827074,0.9979939446335342,0.8677285285459996,0.8032341858280855,0.7599181792000673,0.7394936091968226,0.5565597757621435,0.42613664287773034,0.5157350968994185,0.7292053288166114,0.9690595075301012,0.8205732964709233,0.5075697199770896,0.5157057114846162,0.34205826720050214,0.7813764494802737,0.9979399121109758,0.7460488472293381,0.5158019348814041,0.33901630717798337,0.6381665787500816,0.6917594603293749,0.7777060637077448,0.8649969794694012,0.8393881533693417,0.5010501423295048,0.9110837385031797,0.2816601659143647,0.6318470585326795,0.31977375152010046,0.5981366372500853,0.8506054251845154,0.4202912232061697,0.7958524655562745,0.6457123753433145,0.5577789730729901,0.3411834284221279,0.6237787611417913,0.3704308354620048,0.7631224471968725,0.7081924375326271,0.7026428424490664,0.640865754849836,0.5038475546166452,0.7678817725281012,0.6790756399276247,0.6943249421957359,0.6250858386211867,0.3583747531683138,0.9062677758013405,0.570751065154309,0.6115429126911333,0.6743072211964268,0.6434825659970909,0.5340758437019849,0.4007708230695113,0.7041795619637123,0.31943702962149334,0.8328103122053414,0.491328441711823,0.8379792660749846,0.7622442133000156,0.7330190856966341,0.6824185963507373,0.6243264725355996,0.5396423322012189,0.6157084309565168,0.49677909019697214,0.6531470828132508,0.2659730934072671,0.7091991867454469,0.845794705371313,0.6589014827043932,0.8963637730614418,0.4003488359532508,0.5975707483714302,0.7830287615849071,0.7994588301333977,0.8697188518696953,0.6392382449833762,1.0,0.5250835761686785,0.7943542246014204,0.9131037872500499,0.4588868675326371,0.5652207309592566,0.7445286456738706,0.495123992243498,0.650202185152796,0.5436249623021218,0.39864057857237195,0.34402658517384593,0.41239090936181577,0.9183795660431112,0.4723326441391173,0.6133426460175062,0.8550902356006224,0.7329118563724069,0.12809972609606318,0.7227109398195795,0.5114768847114345,0.5862559683963252,0.8076177431983605,0.6153012206261266,0.25924080275585093
4.0,0.7341434309792504,0.4967311299987642,0.5084147320906843,0.8670084661926588,0.397398694596623,0.27514012317999936,0.8680733883268343,0.40180049071201923,0.938582463894877,0.3637497347846047,0.3626897164365219,0.3163978664518123,0.30741808507027646,0.5716447592208833,0.44840173991464005,0.8035177772474303,0.6465950599291025,0.8613735553906674,0.6007430445451655,0.5704085417653519,0.4505785179945699,0.6618736460337735,1.0,0.3909512119813041,0.29592888599773415,0.18494369729183066,0.6557432030073886,0.8078318489494719,0.7206042166226947,0.7351419031882632,0.6802154528113687,0.6641192392667785,0.34593904449717194,0.8007278438345414,0.5013855838452037,0.7830040760416299,0.5083362758099216,0.4468995515059681,0.1357913653201408,0.7079605493810376,0.6649093638148195,0.6502889442217109,0.5175403285212004,0.6391107568827105,0.8150704601185911,0.4247241560603953,0.38206061352256687,0.3360771143781191,0.8742886210503121,0.7503027931247427,0.25944888508389524,0.5701899045421269,0.16995364542390812,1.0,0.6452586082392814,0.3640105114307565,0.8058598051352396,0.6874962818992076,0.8396833539929305,0.9259816304742563,0.7810067532982259,0.714384088306472,0.7034852599076161,0.8040497743241677,0.7596072408860843,0.24156865700181526,0.2984702260866109,0.7204482132616454,0.10854485111035601,0.6506505770219547,0.5440529572316543,0.4652431290678689,0.7614836893421244,0.35574120789848857,0.4942252956673067,0.8633116282525937,0.3699304783982274,0.856189621947923,0.9842164663286678,0.8283581329591078,0.664783403500816,0.5143162937108682,0.5005528385418487,0.5750011713432417,0.5512001919877035,0.633024565820064,0.17696517393615352,0.5840562491814082,0.4544802019097414,0.4419274398474198,0.544630968394971,0.3710941135514916,0.06290564207916868,0.46790580978080565,0.6341202081893442,0.6916442560778744,0.5860722641421701,0.8350365920183889,0.6121224499090645,0.48057683256258116,0.17180880751976402,0.6010457159232295,0.29375884133700514,0.7240289982227665,0.5518974376496467,0.6067654453386055,0.7160285713714136,0.43213217694706596,0.7400659346909046,0.4666242053566847,0.37226583772590427,0.5310100404796828,0.5334322431033218,0.6367697529623688,0.4404970030627077,0.45479666988438977,0.8700892282522167,0.5830817827268338,0.7594618843891912,0.0,0.10557884068504066,0.8178307540918136,0.2966074218220128,0.4919431822317899,0.5858387040678346,0.46858373010155685,0.701289031627269,0.4344550546069872,0.8576627305883325,0.283611237866065,0.40860327032321364,0.456153913968417,0.5515988391206345,0.5175807080148059,0.7272560985077686,0.7517912888687873,0.726205972736587,0.48823828060244673,0.2752802570223418,0.7845764219361803,0.7117903939801749,0.4632291586674791,0.42400841791886135,0.7867568520588382,0.8359478795552971,0.6270738955416348,0.665458729209147,0.393528457142876,0.6713104571305005,0.22248676290785804,0.6800786913732744,0.7130191349612213,0.9179520533555884,0.6130532949430363,0.2637188582290689,0.4899718262301262,0.4252483413770543,0.4021152717554904,0.5641316644135399,0.8150190461102951,0.4270264538105753,0.22331453537214063,0.5194905727007361,0.9428576799203632,0.26742132552038894,0.7792505926810394,0.2733380277312918,0.5006990279543753,0.7695275381828811,0.39843514190310575,0.791785447938889,0.141332119059643,0.8672166467270407,0.8149532956745171,0.33848410199149476,0.7074964667010908,0.4874673880860925,0.5744378414292156,0.31841011961354737,0.8527901976371864,0.39609531149738036,0.6754782791979057,0.6248969075975442,0.676696479003252,0.7971702647827684,0.269261682301768,0.647332202361172,0.26033533324084707,0.708344958795779,0.4902220973341914,0.7327306500142942,0.5302755557289122,0.3480176587676038,0.7344378131584397,0.745521266675676,0.6304901656220775,0.4936813142316333,0.5959196953282828,0.14716165445401838,0.3204836240474419,0.7363719592753359,0.7076436944416999,0.745621112516634,0.3808146257219124,0.700493354307964,0.618795042342304,0.5117442217020743,0.6525254677796024,0.7237889941555309,0.305580529648056,0.42920319815138375,0.272787592992075,0.2763586157145526,0.7352688471842946,0.8155140131981427,0.9782079707126451,0.30302411514543937,0.5544155355895213,0.4668189191114926,0.5977972754514572,0.6823998443319319,0.41118495930579785,0.7837523865916953,0.4183905541973715,0.7543255617239926,0.6141763045358639,0.8167649086740204,0.8215604245560375,0.3586911612957652,0.5202773813440508,0.7811528716871267,0.6933469063024238,0.56594044406064,0.34247420081483604,0.26769490586501377,0.8134322994741051,0.7100261509347362,0.6535781876736184,0.7870394110345562,0.6426637417739447,0.782149915055546,0.5050111813605966,0.7084267195184163,0.7802395938448948,0.7422668609420441,0.5163130484625443,0.2822986023808251
4.0,0.4748079224234082,0.7564291212226398,0.44769464480371696,0.8310344023904181,0.344735634514673,0.2577235172581432,0.6172389146101276,0.7119201306658369,0.7564317714619789,0.04769007304274933,0.3607018624420679,0.41285679088130506,0.5498412179061751,0.3665519453237391,0.7538045463008775,0.8812809301222408,0.23725329015549287,0.8302776756839502,0.42741602449297134,0.33137178624394864,0.7327941975889495,0.8576004879263766,0.6116090573220029,0.5749957537633573,0.46332812078279995,0.20574445869846306,0.6826321579797558,0.45925705200291694,0.1804621581012364,0.614280991478089,0.40083094305919825,0.5287290147235981,0.5428784301782338,0.5454559606322454,0.420493396907055,0.6118856525726423,0.4522196048569682,0.1829614497729873,0.28132568699499827,0.3833510193860391,0.3307328590489079,0.6677683187535316,0.2597331075060134,0.5345780193106134,0.6100759830544779,0.395643165579097,0.352407483363076,0.35265791382113665,0.7790254748309223,0.7691442022032497,0.6002309734884896,0.37087767978760794,0.2985684910216693,0.6947555320392772,0.1082865708436674,0.7303524518087675,0.9281014005386091,0.8356269326730148,0.8383981761983726,0.5704078519247315,0.6952886222946167,0.5897186751441149,0.4426715707122882,0.24019798046437618,0.8601327632685521,0.07279288895306948,0.6243810903927473,0.3248716239888231,0.22930409976139085,0.565774239972203,0.17333761123243985,0.2450115443007088,0.770281917663818,0.9586858006439062,0.06469909908721809,0.906109233314066,0.21390190693430836,0.3690951300126636,0.7729181834400157,0.531779941941125,0.6189917369125372,0.5296800822984855,0.34210126675219565,0.33573022550335213,0.5680170922575603,0.5722877631842026,0.420277557083762,0.30400224574956386,0.656757825236507,0.5578628341062288,0.25937423959848616,0.5811062803678768,0.21847034912670846,0.8668863470036332,0.6809565853396424,0.5943711042838982,0.6405774036790487,0.9051724503466265,0.8005107819810784,0.4316392473274995,0.3574253504964556,0.2784896388847389,0.3323287479997905,0.47196602246452957,0.8097526990240442,0.3987415201195774,0.7968296355120971,0.7835746272704862,0.34569986610998277,0.4513366806447436,0.6953858428533003,0.7048788830714598,0.518106106396435,0.7072317640541612,0.6270644088188139,0.8800986937842346,0.7323901426766806,0.5478414530818356,0.5943635637451229,0.5895802590855426,0.36430646368410885,0.190344069756436,0.2904517831033301,0.5081585300003907,0.6036245895312079,0.6831151526039833,0.5523883207345474,0.38388012261425103,0.7994396731529667,0.5385859035631745,0.18857773230814964,0.6180571679395394,0.44325898241906814,0.3200988441432229,0.723330281048835,0.8307930255805681,0.7305502616608214,0.8284705715858224,0.18381217534552735,0.7174400986021399,0.6599488989069972,0.42611454492781,0.2371281788744569,0.7118594488917624,0.6771644540089907,0.044736802923864755,0.5326270182539364,0.4303237108200851,0.43470548480911986,0.45722320026224533,0.662929827277019,0.9196292022534618,0.9185922472881444,0.6861530398515712,0.0,0.6133468595747914,0.6805922554805058,0.7684561819845035,0.2806138140035043,0.3550363508156195,0.7926800697076011,0.23750445141241058,0.38366075496455454,0.5031071858817356,0.3168248961131094,0.7032486907675554,0.22649181433682852,0.4158496515179762,0.5445263295421623,0.33905893663016334,0.6166784838010692,0.15379290914857396,0.28098727467344087,0.4013131886545409,0.23705724196570735,0.6597289234408868,0.647512721089447,0.8747582079233107,0.1786649460217072,0.5802643872371189,0.504231131546389,0.5324777618352214,0.7387434077333768,0.707699975585519,0.2939656624212161,0.3735346263152217,0.4561011740035677,0.3125488303304765,0.7101887232635475,0.5941788913122468,0.5286312071252497,0.7870424818392979,0.46392122754840653,0.5038302883484284,0.8411265696902189,0.7005539255563299,0.6477307841448969,0.5531158977423934,0.423355123211505,0.23626705502544956,0.6982818313294584,0.775836555645491,0.46150321605836486,0.6678166969757172,0.5235288244670472,0.44511738989543376,0.6490573383035154,0.3771097549932659,0.6527702772599677,0.20776650827866577,0.4373097642936212,0.33155743730472254,0.5054722438926502,0.5923588883517668,0.4848185820339917,0.9260908960352271,0.5333978678577045,0.3718477098172911,0.9629926924402233,0.516907469641809,0.7365409916266741,0.18999013952432153,0.6408418945288618,0.7495961553001913,0.6862122468017817,0.8046460714277909,0.9058758628890481,0.4817062334547627,0.5638206131331682,0.8354208163494236,0.4450095906783171,0.6610810902632391,0.8542796703578616,0.18847124120750797,0.38958752667642926,0.7191180807877218,0.4003742157601246,0.41228062968234147,0.7267309956258703,0.7402117283169899,0.3450879805515818,0.41997005563418555,0.5509909754633617,0.47639194993537876,0.7590652979189914,0.11097099172406229,0.2293923003098151
2.0,0.24324529963277938,0.5908180431789,0.5812638109034267,0.771762790615541,0.48125419723503093,0.32216278015530814,0.44601895761674054,0.7428173829373013,0.7060148884257491,0.4498478094254309,0.45376657584048685,0.21592840407145625,0.45110954138015863,0.49236778946587856,0.6116759226527646,0.42596110241202256,0.5823786124883318,0.6452129241722473,0.4179029999702695,0.4834859920597835,0.676829809264043,0.8309959325823075,0.48286621011153,0.6380874879023687,0.08604065498436769,0.29654847048677696,0.5696461497682165,0.311260671929937,0.602500564721787,0.24650279766470462,0.4396863992754676,0.28590330839248934,0.5346787508280875,0.5063070306263318,0.49837167441629054,0.6591758170288077,0.7794096515566731,0.5108286967023179,0.5813506196015735,0.4164687000327383,0.7941919075114001,0.6718574816320633,0.4783125207823405,0.5680326093263804,0.4524250599953535,0.6020635498953276,0.27080487702246436,0.0,0.7415786144800142,0.7574471123297086,0.10118374536567505,0.8054239374607889,0.08929818471829057,0.0,0.4858381605494122,0.7867807110752837,0.863941897517227,0.44226323375150145,0.775257810853718,0.8565855790850813,0.5101445201581682,0.678822408470995,0.6223134574690392,0.5450265553982377,0.6901077402701039,0.0845880298772921,0.3201232340015272,0.6238501573955026,0.16923775125486196,0.7535947593508908,0.32140874283528426,1.0,0.5829251089072556,0.43475626537685835,0.42730897926498906,0.7123324964442357,0.33808836894506844,0.48435734780195877,0.7874425642448584,0.5112441121967646,0.5741108519860418,0.48694997145959046,0.3758630888196488,0.44983042055385275,0.5182514097502975,0.3654146984389973,0.6441883044606304,0.5299280142146452,0.2355129572508563,0.6561486803452434,0.39569785328777646,0.37359563187040995,0.32521865502718134,0.6415523217408329,0.40929168391414783,0.35728254357666905,0.6014264002690202,0.34842060592904134,0.4335760870969191,0.678684506815442,0.5408946542322816,0.22861622561374112,0.4297871062984072,0.42263793254227533,0.6680903663676395,0.41143917032305855,0.6996516741007067,0.7296951818480618,0.0,0.3661641149826182,0.10993169678772625,0.6912757430647897,0.6862528109079064,0.4794754712124366,0.6546053132282289,0.7729675777781363,0.7351881872797924,0.5805826428097539,0.44734003399466815,0.6687024811912402,0.5630631257318918,0.6697706245778139,0.38482170637523083,0.47706253394509157,0.5363549609330628,0.6006566374193203,0.5003890445461905,0.39271219035409627,0.7840371025468801,0.6612959440573013,0.52478217000441,0.33193760635440206,0.32396417138746864,0.2763302728965005,0.05013089050726646,0.6232580591735953,0.5388435213915184,0.8752165453500083,0.44825910222800736,0.6518138349251256,0.3651766833042156,0.507318846069024,0.14858107322085023,0.7720805236519173,0.6372573028607379,0.3265823125645744,0.5962070639297431,0.6555613619170879,0.6199793003619868,0.5438625963908226,0.509040518083383,0.7579733888049192,0.8322091040560552,0.7763035166487187,0.41835279689030425,0.5358472014057778,0.43671959623493084,0.6430477572618815,0.5487415067054388,0.7130109600455684,0.4323608847712294,0.1939043357530719,0.46549899114296833,0.4575833677250949,0.6183011280444323,0.6174540335132462,0.5214505925834414,0.6961809423095682,0.6047216982785908,0.2652761263176886,0.6901365184287456,0.3902302998689865,0.9510893001381547,0.5588099016254681,0.16086873670383933,0.38263297694532156,0.4112764832456159,0.4739843507684035,0.5671025354290312,0.7443026325799875,0.6736884281489943,0.5044941042901513,0.7611739806553972,0.44255759460198923,0.47537610316647505,0.6741442409245149,0.3952161105997472,0.8579230729998146,0.7024968956298507,0.4654962973117053,0.6547664199004746,0.8114003687405474,0.5016122669594075,0.4984223359369868,0.7062751913210027,0.6613059355805706,0.48496741028763857,1.0,0.5729794104838268,0.05169082248877223,0.7411572043705443,0.4060301495278303,0.4236736618433744,0.6207512682822415,0.5350867119490796,0.5676275001030383,0.5915591293304083,0.276159384154641,0.786084842274271,0.35171949479753256,0.38041838766803593,0.15597389970217662,0.6698558657893804,0.6035914383658773,0.6578044680491988,0.6849739449248184,0.8457473078268306,0.25465908842028656,0.7034433791361134,0.44296101288186357,0.4368436708665174,0.3872968725027967,0.0,0.1028537508656657,0.7472759492070694,0.7105660140582788,0.863996673662968,0.8530121771280502,0.5584069064986714,0.4994889764767526,0.4603366036903497,0.4631348747615152,0.49341632889657877,0.343079078226086,0.5158262819365251,0.7195048946974293,0.7037859766475985,0.4327421767492453,0.8646945358548518,0.5771250735594794,0.6016788368433208,0.6687902075660401,0.4813643275552769,0.608044386379678,0.5006365278112148,0.4911117057516251,0.32608965376084403
3.0,0.7962397296447224,0.6129830792628252,0.695335905926486,0.7497878930806036,0.4642404091675978,0.35436292826122845,0.336102036792127,0.7655801983850652,0.8168592080169285,0.46957415958793564,0.40690356326236804,0.30387727739416415,0.4432198699973634,0.45722208547704707,0.3322932353108125,0.2765358547119766,0.6416344227634054,0.7376176298465305,0.3058578945368036,0.41904340502648185,0.7099806374220763,0.8149176796997986,0.40265199797713797,0.8715371073902213,0.46983693960484585,0.7556607367716682,0.54989216519525,0.5432178992841206,0.5553290879142362,0.6586560066023286,0.5953291314927212,0.6431402487241236,0.3887125276142415,0.7515650046864766,0.7140428716156898,0.8439135600323014,0.8140497690688262,0.35536128193258654,0.6377774045887166,0.7789557479989587,0.49981355190725596,0.7856953470106441,0.49710075331982945,0.7527692011508406,0.3002656375233594,0.14509803730878296,0.09472555872779928,0.33774265995405944,0.6194871361985095,0.2977031467979743,0.6075271980499616,0.28537592582733723,0.2606727076664995,0.4188626810788954,0.6675047953734831,0.7361099474905105,0.6631807322114134,0.30127688882412357,0.8841229178110087,0.6829745372908627,0.646439765716624,0.7891414950418874,0.8993786837474199,0.20015760698833784,0.5470184284405825,0.45100019830941185,0.39136638824920145,0.7428586257628258,0.4238029164201481,0.8324129422193519,0.2136755127617106,0.5368754512102492,0.580537147810081,0.07952262334259783,0.4051270391922621,0.3395309896315469,0.7500288074250477,0.8299593191850474,0.7511167537254801,0.7520462891782844,0.5308048723098596,0.3233720775009805,0.49121965018552965,0.5380105474119672,0.7054903565498997,0.44412064707314847,0.6056252976098816,0.611315986354974,0.4915260273423067,0.6581575656344172,0.43048412437693107,0.4199936491649427,0.45214905861638105,0.630622768361088,0.2979993838174747,0.5048881064518984,0.6760403459118861,0.6163283446810837,0.4503148274916695,0.7152158436541829,0.4378459264320382,0.655596799728577,0.3715622002174272,0.5907943081879358,0.6891556057618146,0.45325862406493556,0.5993063887340235,0.26869066676994263,0.6299987750314484,0.6591257033410403,0.4178845996548548,0.7168827248195351,0.549470881836301,0.42260944752524315,0.7946486144095334,0.4271852653530234,0.8209159136694433,0.5848129838687738,0.38080692655442694,0.8560592168018155,0.45700031941091973,0.7612171886930975,0.6016960578967161,0.26534004590532706,0.23523590439209097,0.4976855127872812,0.7941973089150012,0.6216517353168176,0.9117319439020204,0.4979244146658544,0.6161446086073211,0.46436592696376544,0.5399644412071568,0.45344055298085656,0.7816427496492119,0.4794405614557096,0.6426202591697712,0.7611076068316434,0.5509663173913883,0.661859741817409,0.6413550806573995,0.47461904423688284,0.19090819807477707,0.8216431073478933,0.6145822323460255,0.6168939979785647,0.7019361428719647,0.5794151242126494,0.39626022093047086,0.46464774625261496,0.6786743897856086,0.7737556180011115,0.7292348140050613,0.3000017227841957,0.3978090366176935,0.36510470168438935,0.44497197754843826,0.8187783442380364,0.8480050841520825,0.33597605469797714,0.21186721211138124,0.2791531098773756,0.7366578478114476,0.7482428784463393,0.7963883324384906,0.6874020485890794,0.6653560562205852,0.5675326750046711,0.762277978850053,0.2490800514188218,0.7207115807704505,0.7533566091478036,0.561922209690143,0.8234616397520057,0.3419929395926336,0.5377237006349012,0.14033226492629225,0.16335366426431433,0.3691731993832869,0.6832814641781465,0.7050215779805769,0.7944256752387376,0.43834622188786276,0.34627213437334986,0.5405701374531109,0.594973794196056,0.43059837053092875,0.5169352642438242,0.5920009005526704,0.48222256764184895,0.6227938843379601,0.6122955488748422,0.4643848175158145,0.5742372641800573,0.6795831236707424,0.38617066240523185,0.5163522279300615,0.57765524160339,0.12128892572356054,0.39237042674706557,0.613383197346964,0.2797103083832162,0.7791290266652562,0.6019457914486839,0.6610065115605441,0.40773257780544725,0.7850551945430104,0.21068233569656744,0.8466016367081053,0.5383530568050529,0.764322559120838,0.30829199054340806,0.5224980160075083,0.8775746725462749,0.7313458178056328,0.5904178147394643,0.941498635362778,0.5614604043209867,0.4389460928566582,0.7957144783418592,0.36924136819672826,0.6507446934538,0.7468613646861663,0.2445998949374776,0.7592809959030432,0.4837429239713952,0.5196386063367961,0.707926068031555,0.3534708642129152,0.4526430315791649,0.33201301395248733,0.7346496628788023,0.701086967594658,0.37930834733403584,0.5115711702367585,0.42439108355232247,0.7802379433274568,0.5971286366698139,0.7315614035884165,0.27023069328801275,0.6178954057548204,0.3501236760765266,0.5813428682553589,0.8031869880122757,0.45770905649827903,0.5706070155049766,0.524084451601453
3.0,0.8685475754091452,0.7325163523416062,0.6080161516603927,0.8018384528324018,0.5848734895408888,0.41526593897059155,0.3999177512943927,0.7639776776203466,0.6561190841246555,0.34798905657992313,0.3933960701575258,0.2710696729333367,0.24119809632237224,0.43486234955709396,0.48531048171574,0.36205205644094585,0.42556941105195417,0.7928611657388915,0.6252102069741409,0.6407902986847261,0.8004133763318809,0.8685775886883913,0.6172409220872022,0.8660680079100913,0.7792059190277997,0.7186172843677514,0.4767474382066365,0.7714806721727177,0.5134475788049965,0.6954960055050718,0.3715024820820302,0.7975428546760784,0.5144459140933106,0.5223148159963231,0.4718761242590135,0.6152963318804981,0.7361239190429106,0.4328409000277823,0.6521010769897142,0.744525680719306,0.5956975556212181,0.7082481427199638,0.4235007516513926,0.8155548766617005,0.5969521797376066,0.24604855394702355,0.16765830158170286,0.3118686378241387,0.8312817763883978,0.16510064659825838,0.7628704902619324,0.15898663732428495,0.18402460867117074,0.40792041550076147,0.7122035834983773,0.6566699175805281,0.7830827945810256,0.522429201171127,0.8406635630402992,0.782058241675594,0.6737433266358266,0.68743515937746,0.7875512281755429,0.3139075896251787,0.7857732200862465,0.46855445486402103,0.5706933601405401,0.6997967681205024,0.6848069632264869,0.7019564593629035,0.40061197698586576,0.283264224130993,0.5511124350902096,0.3514197195406606,0.4334128343516744,0.640710007753485,0.36450098019077576,0.7093063944764932,0.7818757667341099,0.7186248020805055,0.5365066865278905,0.6735420651257467,0.3553062231150364,0.592347162395511,0.6086186428459913,0.5056998843412414,0.5797824205384423,0.5960499030995982,0.7231938864973164,0.674379492937658,0.40195436114175204,0.6407575238167832,0.535754155042157,0.731447579690985,0.24528675014640847,0.507201951572929,0.7183062001549401,0.6652951778157662,0.4531326915944528,0.5399103808516927,0.48598089185476134,0.38705617406983217,0.4348725672745109,0.563913065120069,0.5964008078172149,0.5853967936069804,0.44518192141018886,0.5649798058420687,0.6732385375953688,0.7792893890256909,0.5762419684096279,0.643173286656851,0.5144270129229906,0.4161150135496147,0.6620235767618404,0.42131812381485684,0.586847950744855,0.6380131995949505,0.4230335599916884,0.7757009590238216,0.4331465933093986,0.7758053267613317,0.30104917910651297,0.3853518328707275,0.21474502625387518,0.5192375476412189,0.6358944693443593,0.557086786843724,0.6974090737826297,0.6107500863184389,0.7163891352391801,0.6756300687167388,0.8189850370892419,0.582420760129155,0.5380717793220714,0.5711454941840739,0.7549093505598055,0.5696497503839636,0.4719422908549642,0.682570333409506,0.721273806306638,0.6610997911054355,0.3750327665038862,0.8431990567928702,0.7927410760098716,0.617788856877351,0.682493135670852,0.43449759721237213,0.0,0.5411436776936112,0.7650419066281906,0.709467231965707,0.7542472745555723,0.4094133246877975,0.6389972217548582,0.6028038838960729,0.24169561939802015,0.9135987497327279,0.7965601557164318,0.45451853668069825,0.3959867920057523,0.26464653364686347,0.5110554505317076,0.5277883979914976,0.821283670441045,0.7844935137151238,0.5694237168022481,0.5422253676529615,0.7290258941648341,0.2963385062602706,0.6927569744734019,0.2211112189185623,0.3531764968018428,0.6450865367952275,0.4535433519810769,0.5907252007789612,0.28495537138029803,0.2747546145777093,0.6695074229303548,0.693751929659723,0.5535139856839287,0.6813274118964153,0.32845418982398894,0.4111994624203714,0.5472326018652272,0.42656512407039193,0.5236492914311287,0.13075777473102226,0.528106878290615,0.4874029005617744,0.549531111013075,0.518349438163111,0.36252849680081234,0.4184041143838996,0.6483763271745947,0.488940530468318,0.6533555068126872,0.5401738929853307,0.5698139023361938,0.8751352528562296,0.6901091209463088,0.36300756600302214,0.7871930675977398,0.4353648754629692,0.7999272839646105,0.16424024706771634,0.8293383274317953,0.39124206741691864,0.7598767634040028,0.6001891665124447,0.5145780613365669,0.3149106780551715,0.5497779758097945,0.7954422510588164,0.6680533648304217,0.666271192295375,0.4587157403615618,0.5709215188800738,0.5858831457714303,0.84042700403466,0.2879096843937879,0.27996912144893654,0.8015136958925007,0.6640048663357718,0.6020019287776591,0.5413544968587558,0.8012053529040951,0.8049831967236681,0.5758659716441494,0.350690782705715,0.252978589053128,0.6760792356056456,0.5924903126342749,0.30846107759838126,0.2756513219026556,0.586329057481482,0.635902170663561,0.5785510768753332,0.7471429462287609,0.290029239009453,0.5750079919745974,0.30404159128927366,0.2749482241310334,0.737830593652367,0.52760830357357,0.6417174892119883,0.3913024882938118
1.0,0.3915363821375138,0.705556364356182,0.508022253900395,0.9670017353041532,0.545538110670354,0.31291165110617364,0.21771977081778512,0.8321830501346398,0.5962334026253423,0.4219840495516076,0.4560011108094162,0.2335503980267953,0.4536915765019279,0.2515971737514328,0.14182934519232568,0.1704746796732292,0.2915781188478772,0.9265647037656959,0.23559934670959146,0.36264821382805684,0.5872715250818731,0.9207240983089996,0.5603480593949034,0.8615459435492854,0.6760564295913649,0.6556360606846429,0.329387494186726,0.5459260284913102,0.3918704599035652,0.2986968166552296,0.4849651241104974,0.9490964172339829,0.4295052488834375,0.71892461245007,0.710196412886477,0.8660776150161903,0.5120719738263453,0.4519424485198862,0.42521690401066525,0.6577727983153178,0.570338412356188,0.578711529960391,0.43391929132135276,0.6408428947022042,0.7485109933367605,0.29033321282086655,0.02713200566421902,0.3849632564995306,0.7787269182212972,0.22815330988043514,0.9425807189376899,0.23671771534504785,0.28388382709554144,0.5087534513419748,0.4015864318620001,0.7257118019087464,0.8296837616582118,0.9025086035218193,0.9751761326012056,0.45689787734132015,0.8964537058510678,0.724296788682549,0.7935109837040188,0.21138169893505668,0.8972956148629392,0.12086556798027812,1.0,0.6418837373768815,0.217799867680878,0.4465086696917165,0.5264649202704539,0.3810710519731066,0.712671549628077,0.34269462095973774,0.602540911055674,0.6725826146631491,0.3775870838637923,0.40926765030360773,0.8274785377697548,0.7388951287030245,0.21930498669331713,0.6313570854963282,0.505880874207624,0.27620285353018803,0.4541325266461524,0.44770466975235823,0.2916389149085412,0.5212119943050786,0.8396370300750076,0.814256362917811,0.4878528405257273,0.5995406451340695,0.36062532329187535,0.05263402499770093,0.3866399842489395,0.6465350844576885,0.5935426554553817,0.6379912307138627,0.4418278327658238,0.4871222911393162,0.5413833818084751,0.7220469811246519,0.4407142777651388,0.41580068000498877,0.24134008309697078,0.6536898314396405,0.46236168048134546,0.2786359616464263,0.5596346002902238,0.5267068873072465,0.4796675402353248,0.4775764607988207,0.5704920151283198,0.4683397223374478,0.8832737405028587,0.4884218066170571,0.8570538794074709,0.7050636992346911,0.23834535272101062,0.6905522947795796,0.4758574379516385,0.5953837506724221,0.24568921817532516,0.23933124536189215,0.550047227086836,0.5852066331752964,0.6287329282721175,0.6789090413765615,0.9321582191417633,0.5372464872573798,0.5277902736320526,0.8648686391150409,0.8095552426943001,0.7854488241301719,0.7944062879375964,0.5792732577052521,0.5601559828220051,0.591647458000537,0.24816405591098,0.6437004533995085,0.7930670500838488,0.618728004640161,0.3201564082360238,0.8366376700730339,0.8442757348537016,0.5981257026159367,0.5759736059676853,0.20478559588097908,0.9048336587781557,0.29894156895818275,0.7078445817030568,0.8587377400599977,0.8252203425878686,0.45137676038419783,0.6430659144247818,0.3398599906909157,0.22231913417031168,0.9481549948389602,0.8247823707603327,0.29538853270266013,0.065910134889451,0.21336857514965793,0.6571396937904204,0.6851237085766082,0.5184155306911584,0.6920834171123753,0.710539007452506,0.3062863353954642,0.6963594670442033,0.13438635037462612,0.8144273769951463,0.23769138113738658,0.6579726402074674,0.8278829919793028,0.42803755871724236,0.4677983679646257,0.3169399446823422,0.5559788579198969,0.21795683365348528,0.5490832615141643,0.8728779473179847,0.7384001841433687,0.3420295039886699,0.820401903276848,0.51079403495929,0.18931326330500128,0.6296457059427493,0.14631419242379723,0.7264317099896814,0.530448771257475,0.850603083757314,0.45933926194565106,0.2856226252968649,0.7472736287447971,0.699749886014576,0.436533922544001,0.7960824902748425,0.4583776164252903,0.5568384175000983,0.37955796747266907,0.6345296615064089,0.5682976204584926,0.6625847065142947,0.32037376252704036,0.9251644535801269,0.38695787881266974,0.8971603323561238,0.5907810454148523,0.7037858514403836,0.41145835762198496,0.5621415219185734,0.288251742427022,0.5993862556721509,0.7776523207662048,0.9031680838903939,0.7870972402406278,0.8781884480464528,0.5084833915179234,0.3230298088855377,0.5930013848708499,0.19069924945838643,0.2521163869619515,0.8479177152641192,0.9398009747375922,0.47238030384246454,0.6383929850426783,0.5820871647902741,0.7698879208046371,0.16698147318518222,0.12160545453563182,0.7067954580982325,0.7762264522414211,0.6316280037501179,0.3019616170598207,0.5485527019014994,0.5600898035155333,0.5447055491512126,0.3370598869197854,0.7992097500986302,0.2363430937311855,0.431403616928475,0.411592559938402,0.43654860491516834,0.7744729937197677,0.6159610898988094,0.5172070268193155,0.328895753212765
2.0,0.5755199541743391,0.4220230443277494,0.15905404093318343,0.8050949533165694,0.4968749159898234,0.3578668933242852,0.479989771510812,0.7521660614553733,0.8190082252195258,0.34838185251550036,0.2894842853531883,0.24137474431050282,0.42104477658351397,0.3056312723267717,0.8042049441468717,0.6294476401700357,0.5379924957544165,0.7644603407767966,0.3521637103263236,0.6983503743169261,0.6265846785446076,0.7581598621775695,0.6758738382860768,0.6525240074075703,0.4377805889036078,0.5137237208179312,0.7645607392148356,0.5276326630990593,0.553824138102109,0.29223534866090445,0.6228248350232797,0.6859975799643937,0.4459252099176589,0.490520098499101,0.7156187976863851,0.4033957272326303,0.31718191066792156,0.25844475040271475,0.46478625991489114,0.9420853084815504,0.8417482229970011,0.6944614012276673,0.48246316221488017,0.6572571432988833,0.2851307485077988,0.4201613749233958,0.27162894506433694,0.21266733250815623,0.7468558058718048,0.8692533058440131,0.6100777194526112,0.6848328586050734,0.23241747937261753,0.6044895364327003,0.5269372941727015,0.6749986562007927,0.7929746126617311,0.7810272766469022,0.8263023350860879,0.4593330467589756,0.5497367500353805,0.8053274126523192,0.7736790644247037,0.6701392366541516,0.6439943252704478,0.4901377699213475,0.28032978848150997,0.8104320495126656,0.1740923808021521,0.5741615352859403,0.41304279509565156,0.44748869189288637,0.9430346408634392,0.2944060704455962,0.28255439863047194,0.7015274324510052,0.2454632505828178,0.5429689943028931,0.8043148860238906,0.7781717180738021,0.6648990643016202,0.5139697762971036,0.49121965018552965,0.7252937346834591,0.6319050325383181,0.5132868681864934,0.799150283060767,0.6001252848280132,0.3859812550721211,0.5204175848213376,0.20694258536522933,0.3018621806173969,0.27296222975109147,0.2628676589510595,0.6753463064520955,0.6701938059849614,0.8146547357255151,0.8053320880273392,0.663483537851887,0.41505159699266314,0.42582655144076453,0.7167509126497293,0.25556524949560516,0.5656671519559184,0.7537996965589859,0.5452873184772193,0.5868242295323575,0.7882030773283888,0.5825879737474171,0.646996328538447,0.22300211837530248,0.6339574475692589,0.694476910670286,0.5163988532781983,0.8764830701318026,0.40349274191887563,1.0,0.46095043664798446,0.6526814598511083,0.7262920485732398,0.27151847030513576,0.7581247307115885,0.14276131068194367,0.6204748159700366,0.6710052783148589,0.33594704633320266,0.5453138686180484,0.7224009222264053,0.8246095571930295,0.6743576422770284,0.3106878543038463,0.5325933695492245,0.5781231981014185,0.4859628333603824,0.7361010526574908,0.727837758103632,0.8930304623427794,0.7189207262566087,0.2213503393335891,0.7174585656902319,0.5924589157618515,0.5486534314347733,0.212891478937187,0.8617171052184588,0.8124730250391877,0.5640534703456536,0.6595989574067248,0.47634381167250284,0.6679788201755746,0.7554726668872884,0.7307832300233076,0.5564843485226162,0.9588816720738234,0.4902748606123138,0.659283436267655,0.47716176897131984,0.2767729584954203,0.8505272380994331,0.7369978210795365,0.7383757794960705,0.7021599828975376,0.3511373828493568,0.5236693639945323,0.7298706274943213,0.9644961295993207,0.6949215433724256,0.6011748403192284,0.4478206517205727,0.6313305435945784,0.26712174420220836,0.8562409058390301,0.17702669512850625,0.565046658040824,0.7276756936072465,0.3202316342080845,0.5704514654369973,0.8850575846251773,0.49335675899808956,0.12371569359757731,0.6296763637981944,0.3695054054210721,0.7447928232199905,0.575128680862148,0.727582480679588,0.6369918531359697,0.3819904121009885,0.7611423025799668,0.4791088026246947,0.7372025189050451,0.5829605249959233,0.5872642408032485,0.6805091973577095,0.47436294662786915,0.6049304410708918,0.7872404567396022,0.7141480466187059,0.5113014630058824,0.6040578853724886,0.5660819236240854,0.40550220484489724,0.8460953461973146,0.6416982556103528,0.16462202681993282,0.6553378878617625,0.8235427108270321,0.39922938457178414,0.6515200887445499,0.7041776010688258,0.4707181563766711,0.585572141996998,0.6597182541929836,0.41905304236641305,0.6100347590988348,0.6720580535475567,0.370791289333947,0.7878363716141946,0.5107682703065071,0.45057528049400747,0.715446416773656,0.7626721973852854,0.8147411311058317,0.4993120625604727,0.7996984577555981,0.33747278039764006,0.8791095533047728,0.820449271336974,0.5940923250868464,0.36182661519351256,0.0938875527939773,0.4141996996510562,0.8588596071575412,0.8502824272020281,0.47364769202290463,0.10652346368542848,0.6971501599936207,0.8208655829509507,0.6934109595560662,0.6018522222199435,0.510176276101694,0.7122173482182571,0.5101731291160292,0.44072057935052744,0.35668860215758413,0.22053605756814407,0.6580937482862909,0.4422653231804329,0.02022871121523386
3.0,0.2004303162767359,0.4022702413718638,0.7191318881529893,0.7692455147885667,0.4227329892977393,0.31471991148298445,0.609519170522634,0.9135348299542007,0.9014640073914827,0.7624118440900863,0.5985170496991574,0.7819197376465432,0.3389107360014901,0.9203586897633554,0.7891294277370651,0.4598171346681923,0.6877449167162505,0.28410190659205364,0.3851861755972648,0.667763172962557,0.6560926192135651,0.2622964592306575,0.7750935491384805,0.5212085243934128,0.0034420502252248963,0.23157076857557582,0.9809182148372664,0.45611955410324967,0.7295153133807052,0.42489749369369556,0.38439267322914344,0.30442627498386876,0.42927326533259724,0.3794212957362188,0.5949930267317797,0.6404217449947099,0.7800356815643409,0.8619444748672542,0.5973157076438952,0.6712106929326103,0.5349773763824947,0.38098801833073964,0.7435297781552327,0.6099674802687736,0.11199170757201078,0.6976823568697845,0.3940616149177188,1.0,0.3296708448291302,0.7852859456009016,0.253875477826823,0.27277908918274696,0.5112934683842154,0.4392792682293821,0.5908370496845345,0.6901792278151628,0.6100515735031328,0.418771210055196,0.6027593298735191,0.08928688536121804,0.4125784861953621,0.6316070285740233,0.38669313605033406,0.8393675673623752,0.8022370834921206,0.8047504356999271,0.6783977761497988,0.5925632879184797,0.17914175585470996,1.0,0.4705321464343137,0.27039538230074117,0.7925108441322187,0.9724129294576415,0.3411345537398668,0.43883715062236367,0.38061753548370436,0.5741467808468741,0.7623479958417771,0.3577098028197433,0.9801421530060918,0.4923928402668629,0.6047484172875688,0.8000974780693276,0.6226613646384488,0.5649437089518448,0.8678316207294322,0.5558775955827342,0.46182094727339884,0.1940332257316479,0.3906497809637453,0.4672241745168147,0.3118938769806255,0.6503544635584736,0.36899769718100467,0.4802174031293605,0.5174775167074154,0.4145911424793146,0.7312648021734631,0.63776356257595,0.0,0.23151753190912988,0.10041997327789516,0.6228918474723335,0.9360114621562176,0.39412850070903566,0.5132599992433367,0.671093966919878,0.820569070219246,0.31327902911262556,0.3121853519021633,1.0,0.5358380404701281,0.5376070655953249,0.5984463224495085,0.6317783468964001,0.47756945022736547,0.40937020842997246,0.3696251596298993,0.8352907028909593,0.26520826206893144,0.7028106476139843,0.5723824150274546,0.5608881914610534,0.36710309685024256,0.5486318213228792,0.5937222863124296,0.49529510388368164,0.5002717968361908,0.8188137738840415,0.6529168159290213,0.43920645706450234,0.41695042886306616,0.628266854925783,0.4718613592728663,0.5070489065624728,0.8566111652073697,0.7288195848350184,0.44121422177347647,0.8093962335423077,0.6121344692263961,0.5011501066145103,0.44039618002467507,0.7436023797483766,0.6816003364841094,0.5212025006191467,0.6799881776643143,0.7754132117206722,0.1151356045197741,0.5134716823410012,0.376235080787232,0.4613357466864991,0.8119895561681663,0.6687616205961013,0.0766117750732651,0.5260497956686883,0.9651522000711581,0.6212290351118248,0.4456359908754098,0.6393939867874793,0.6869188141008754,0.4524418668875289,0.7714119303991535,0.4783296596536817,0.1578913377850111,0.4625025854844419,0.3839255969700315,0.7422280432929025,0.5551595513420478,0.5777611560882246,0.8263773901309389,0.7754335536755661,0.94891455919898,0.5316463289490042,0.4811003709119239,0.33371517481505214,0.606069977517912,0.6474956427562026,0.25975675093826606,0.5883821421682887,0.15212883977362768,0.896773625065033,0.5385734182096006,0.9118140337732987,0.6567895677980442,0.5795551304641039,0.6010587644236833,0.5744024241029285,0.49808314373636003,0.8402334875032638,0.5804327578636241,0.9146034120987012,0.6904043682023588,0.5754347958381487,0.6803261060192406,0.1766105570937455,0.16440767961359057,0.6072567419057342,0.1833750833638764,0.18504280445942056,0.672070811802703,0.5352515795936867,0.5365692173309526,0.9284427204285729,0.5679095810772017,0.48533934473490664,0.43004626860605466,0.7718166878439174,0.47662563459180224,0.40542949126456346,0.5896704080060461,0.2754495718283515,0.17153013222676916,0.5310854112224576,0.7833134617588808,0.6439212660830771,0.032253161818340856,0.5626243986887721,0.7989234132040202,0.4872401676836223,0.5196242215487298,0.6414259594322002,0.44438538703956515,0.11304796491875338,0.5238030907499839,0.8323544124892068,0.45190035525124617,0.7172457963126612,0.9189656056293654,0.30135964432597434,0.5667329458167846,0.6136365733436141,0.9894629583308091,0.4813014961869875,1.0,0.7565594515096083,0.682558063792788,0.7002381152863355,0.8019795087577748,0.573033958615789,0.6579300846994173,0.6217919753427877,0.8644252054446127,0.7780900627856098,0.4503974147696448,0.5179985855255677,0.2865872378282113
3.0,0.8564063938169069,0.6885856150237498,0.46492539679487,0.8090777589097232,0.5900904949526761,0.316519581516828,0.2421279276188978,0.7549970720134042,0.853862801183496,0.44809041669289235,0.2288310464152759,0.25898396652207406,0.3311111406946648,0.24087509316767505,0.24461375255726156,0.3956469517467566,0.49517087197263376,0.8428450909265066,0.25979317816064773,0.572164124169372,0.8036690028882358,0.9501035971992158,0.6455774601191984,0.9057181804479211,0.9129862694657683,0.8704806235794367,0.4475678622090427,0.6891689834455498,0.46191384650492606,0.7367485779846525,0.5985309738734489,0.8536686197385798,0.3907645048544515,0.49227248979849697,0.7592249467592764,0.789948405248202,0.48943669841385984,0.44017843838313103,0.630451683430546,0.6830538692093184,0.6223114828728248,0.6843629162234874,0.44451785968918084,0.6794961099036262,0.8440394459236064,0.3436742460967022,0.19722321934124507,0.3997459962117708,0.8568827551882384,0.13159875021154038,0.8457412886953773,0.8186792363852611,0.19721000213940126,0.3618316613422587,0.617860248998584,0.741474859464023,0.8285475107193958,0.7036033058491744,0.9050442433718063,0.3409707810052762,0.2848153087239777,0.8062744222887525,0.696447882541563,0.187719323669165,0.8313462017350534,0.5887328198841968,0.8002767290684101,0.8192611127301634,0.3680504453848479,0.8593376040726762,0.24200803861043207,0.3405341940377974,0.7189884103481451,0.36654792351205934,0.6267034688360773,0.6995810442494598,0.5392234589075552,0.7404045537189058,0.7417256942213748,0.8203800745469109,0.2552932099633257,0.35748936387848224,0.2892185515621385,0.4895271856978332,0.6233217501794215,0.4970732119675186,0.5076521566929034,0.8482426406391946,0.8145221249046869,0.8994574933487887,0.24021088552847608,0.728810166533861,0.460350873248559,0.5605799601535496,0.19613501346597004,0.6007077454138097,0.8088139649337848,0.7833935871216733,0.514985767279705,0.5330063413847639,0.5860265473438548,0.6855436879360522,0.24328842999513553,0.6002728292842567,0.5473613586964766,0.7329174029229693,0.8149339610020504,0.545579671824011,0.6157687457372406,0.7196022087076824,0.6077926183011704,0.30811877410439065,0.5486332624886014,0.6554548596619881,0.7816149970984698,0.16629558199179967,0.7123709874035686,0.5794025387511315,0.3914627065454437,0.7149821947681126,0.3263480979233164,0.7542344251350941,0.2541276810182688,0.2869138401412412,0.3302527018336676,0.4899749399030406,0.6973421497512956,0.4923815342730413,0.8373875727387864,0.60413572906895,0.496294983843668,0.7930150845165314,0.9650418669556472,0.7342079941126137,0.8416318462381751,0.484577262410278,0.580547093476385,0.4652903232924927,0.31592750052729096,0.6819459880017296,0.8539877263990573,0.5255139385117317,0.38495750175542737,0.8187986338138572,1.0,0.7061428064569165,0.5990079995609957,0.20079334159457665,0.7753675005511099,0.47135671809778834,0.31008424480952057,0.5961979830441888,0.7908845785948652,0.29306138981361207,0.47764581645215115,0.44506652111670736,0.2210880368963493,0.9837366619322991,0.8956813481688951,0.48066808614845963,0.2833589138881002,0.19399399927591232,0.47416798439283625,0.9048240078126863,0.5950866104746362,0.8428828945133274,0.8023185000105914,0.515782379577747,0.8721703524142626,0.1544151079956642,0.6621935236727727,0.2687975705760786,0.39549290153707545,0.8937655961406512,0.6686994777786686,0.2170530666749887,0.0,0.370898374499526,0.22260878150503868,0.5193683830044354,0.75987369331486,0.7778717100528809,0.22495795742894137,0.4155623495884334,0.5325749003799624,0.2602920496806858,0.6076442361171404,0.48598852089092637,0.6950564851088771,0.5056330909350906,0.6636063140156827,0.4962655954968678,0.4707931115348958,0.46645483562203255,0.5599394107695262,0.3664970806311099,0.8015988196047402,0.6340682862118099,0.5392839245086779,0.4102929641653822,0.7170997695800742,0.43522271453577505,0.9582708551443969,0.46628313047883635,0.6886331071427858,0.3625991014447155,0.8951501576105989,0.1958840917946396,0.7193864268749021,0.614248328664642,0.5066682363081761,0.3594602738723106,0.6269365959717449,0.5067412678918621,0.7880655261978601,0.7238219790149341,0.774532733868324,0.6242267903242533,0.4622243294034681,0.8872912384302405,0.1829870611500049,0.2082443972280882,0.9509309235957071,0.9095904374136935,0.6368203492528433,0.3850740103803633,0.6156314523221074,0.777020619345945,0.2853828542139398,0.21225785885000029,0.5205793773893636,0.6853622240094461,0.48362451243471727,0.2553566753680313,0.3090175371848116,0.4651679567820465,0.7208600363907895,0.5087866112545875,0.7424330133791659,0.38257666136296936,0.4553292340223303,0.3787704093944241,0.6279730993179565,0.841864379252447,0.5916831890901464,0.5992212222364194,0.2818753509010927
2.0,0.6886448318025531,0.4714138601835239,0.5574645489095977,0.7993283201702476,0.4669220661228762,0.3767076182223555,0.6642083438842443,0.6939156363561193,0.8133782893235769,0.46049593467703465,0.3596844419601754,0.4420748611350267,0.27442569440088993,0.45537445844681246,0.7741738918992542,0.3226594579382918,0.4548543214142089,0.7821025130467417,0.5088266074519018,0.6407902986847261,0.6676433733665051,0.8014848919436399,0.9395751909333279,0.69507677309124,0.5271562426777281,0.5211472310432667,0.7614511455067754,0.4680571353633434,0.5994687436186654,0.627996946157086,0.37093620175021025,0.5912043188242541,0.5309455817504778,0.5279583301923245,0.6662231340170898,0.8076745680373312,0.7025603473823534,0.538447024747107,0.5536196798910146,0.6045247321801945,0.6105464913606926,0.6103860517718599,0.48288980201118303,0.7359908109688863,0.6993701879186138,0.3775810436273768,0.19303228180046997,0.19856652399069982,0.5935827671912943,0.19465141349371717,0.5734199990113457,0.6662361427982478,0.157974463239684,0.34430916851518334,0.46215366980625905,0.6781052824959339,0.6665833153056855,0.5290554036240546,0.8305970546544904,0.2984607219913461,0.653265288263857,0.6096244171389057,0.802746569242698,0.43593438376545124,0.5407092809182886,0.38843126257368127,0.5820980772608385,0.6626826962612199,0.380468529687084,0.8030561258914486,0.3298133732439999,0.5819984980513249,0.643094868567823,0.43337775126274114,0.49221590630980666,0.5361793858500609,0.5973710167827456,0.714223620155485,0.8254735910364712,0.7773806469600604,0.7770030104511277,0.27290762634462384,0.7926465339175303,0.4646266521907271,1.0,0.43740249383726454,0.6201583885357468,0.47290370864885,0.40414923535721375,0.5302784520282267,0.39550566664053755,0.4213158692256239,0.5534351257973762,0.6315495360496886,0.3568934967831577,0.4424132883061788,0.6143033877979647,0.6940856853581203,0.7141375319490804,0.48145294742808076,0.4185131810916836,0.4015647041825728,0.27724452747998884,0.539146978606408,0.5791686472260869,0.41233409829181583,0.6628621088777412,0.5383926084552857,0.775977580367248,0.44042108161052684,0.507831529853265,0.6211201891011977,0.6092114819738699,0.2609931464979854,0.499134533260554,0.3785001857850824,0.7636752777394638,0.5642411471151256,0.6063563638769305,0.8812400964958323,0.3492406968982377,0.7496894544443848,0.27213636262522706,0.3249779120515874,0.3689751622294405,0.4792445604711256,0.606660579576305,0.40705920745894697,0.6640395756893375,0.5400788141992802,0.3828411758322689,0.3145679805228606,0.660134733994006,0.41650534084722096,0.6360706222417446,0.6104168198471775,0.7335585849888369,0.7569863302262237,0.5096106788265216,0.810591214769051,0.6445111856627201,0.5808496298071549,0.2303777156640028,0.8537921332234979,0.8917126090596482,0.4856193970563655,0.7133267560047565,0.5468776623585329,0.8356846974348991,0.5328877361161016,0.6668664980309179,0.5260952283860374,0.835864517715428,0.3663831559231324,0.30974602371203064,0.25032114262165384,0.5523961794649165,0.790560599871093,0.6033699934788446,0.2596528081177826,0.41496814619823813,0.3361375224418295,0.33092351139935616,0.7060392548777622,0.5995312204225706,0.7663091442793607,0.7257067839806449,0.6554842951873643,0.5250136820263486,0.40824753763828076,0.7098649906023513,0.6623741255716504,0.751995206867924,0.8381111586946112,0.3276793205509692,0.5956838128410301,0.38247724654212306,0.525645456408893,0.32180668811759044,0.5374925538654023,0.6050520638373,0.7487716404176037,0.7250425157883911,0.5907063791152466,0.7569607930197877,0.45374894936352556,0.3891364991791397,0.4494848211248069,0.4774470886548194,0.7432498478733292,0.6713487652713903,0.823550231593041,0.6179702540817472,0.6273518269576835,0.7302781176778963,0.5882230698756972,0.5830217524007825,0.5376096925665738,0.17644408397691383,0.21673524580028702,0.6331651345605174,0.5677924749452133,0.6003752495547459,0.7740750437822568,0.6385922145056384,0.26385209013677774,0.7078748606459988,0.17926792128624233,0.7914284381788277,0.334933788031785,0.6720220922496898,0.2919376093616335,0.6534133967364759,0.7198699349762491,0.7367693638142009,0.7867264021368662,0.682473508884837,0.5772755329182442,0.6468503727640377,0.5771634075798062,0.5180254367519731,0.19138612433017346,0.748519364167659,0.4009599159772361,0.7705960921038442,0.6881322906529493,0.6921865299219446,0.7688711388573787,0.15272075320146544,0.6760585475560267,0.40460484496806304,0.7873668029313217,0.7442719210308043,0.6299261768480587,0.6936379745209685,0.8433301306817419,0.47428041638116714,0.3729708033949431,0.7883169606306178,0.48325719720329413,0.5557746574514884,0.4680687304139759,0.6333318943666713,0.6367612784480633,0.6752196199664847,0.717870771777623,0.8372754362182747
3.0,0.5716240550682977,0.6271827727571941,0.9791162245060758,0.8006820870850869,0.5300251616153949,0.6168123393277649,0.522042096620041,0.8194524119124703,0.7778821486270031,0.414917956193825,0.5727531644979482,0.5239272635377545,0.35114626056247616,0.6636266337366853,0.665107761441494,0.4047805361330077,0.12214581662896354,0.4375983115628659,0.29853130901128977,0.6782486563916881,0.8141992553073222,0.5889679762765648,0.33882175276817095,0.5346459390014303,0.2606462262748996,0.26141718873803793,0.7609314500944802,0.5947376823782474,0.48175400000337587,0.4460664241723786,0.5498415893180966,0.3799850730589421,0.4595911773862829,0.3062030850181605,0.5586875080291632,0.7904053592750143,0.6551999656868359,0.5417214792402629,0.7385560089763902,0.5032236762075759,0.6989158304651384,0.5344347476762267,0.6606356491439102,0.6318387577157396,0.7511582159444461,0.3102759553368413,0.2797448762006311,0.12071632940939546,0.5055652765641947,0.7338302499552671,0.5035262140572451,0.6293628155507239,0.7544573938761332,0.47993281419825656,0.21992860899746508,0.5663174706603158,0.5894373628161576,0.6157342037600989,0.6026377135693429,0.35812862188226563,0.5958415469991548,0.5683587524368838,0.7553730850619216,0.6258184581733744,0.7617394278238143,0.23049409018367567,0.33716197810109144,0.4303901755096409,0.28527136737896197,0.7398329928004413,0.6098567613734105,0.5355732656580359,0.6549701872200091,0.2525591624527034,0.4900567993178087,0.534118618226808,0.20791330635916586,0.576472858856431,0.8220129705198157,0.6390284197055679,0.8377267596392862,0.9138432274470042,0.348167339728439,0.5641700140601779,0.7857196706559055,0.37079728148327534,0.6961486241612214,0.25265202733747677,0.2769023872655332,0.4983872362801231,0.07363712464240063,0.376958136849509,0.6448114306399304,0.8602590743442949,0.4505516958238756,0.5574878752230175,0.5665185533697603,0.5614252187555302,0.3739607035507791,0.2288550078534463,0.3671944726013884,0.0,0.22806118941425985,0.5494901119233898,0.7879907960309525,0.2512746168268944,0.19351793892129018,0.3067446056896661,0.7134706997436636,0.5603062495495084,0.3263303724911766,0.7954736208778146,0.47831061425180255,0.6048505781691104,0.6596353052460308,0.7612468992019864,0.7372728711011446,0.3049636353658436,0.5433415861484457,0.6458020932627473,0.40955672139370775,0.5806865853032822,0.6384875596196349,0.32681228823264535,0.39657354420892527,0.671626814946119,0.6617431519899356,0.5078962344079175,0.7267591275412779,0.7386853743040094,0.4692699563798755,0.48370306978181044,0.42096804850944386,0.37573922651406233,0.6419651976173826,0.39242577132799583,0.6743535800902342,0.8381457027483025,0.3620720611081115,0.8569985633574029,0.5108622047030993,0.656462298899943,0.19335052789101279,0.6043514301481521,0.8028979492806767,0.34087923799585806,0.6310406025848908,0.5354127401508252,0.7744410483798666,0.7046481733307272,0.8070963591184802,0.5848049676317862,0.6684533281250623,0.9861595392874223,0.32354957536668927,0.4910063910438008,0.8046697699038231,0.7605675538156006,0.5218924247521936,0.7643667697753039,0.26977341498606555,0.3324293507080615,0.5265474597006676,0.6338756363019666,0.15368378261674967,0.6268755945424574,0.4107522641827988,0.5700358715949865,0.613093016939554,0.40150440929275216,0.7325700792003541,0.7833660919446849,0.4350055619471581,0.6600797540290013,0.2045018100050969,0.7553480220718888,0.5954252343567485,0.37575214223262965,0.48598021536677527,0.76844742928735,0.22597908519814638,0.6506754552822503,0.42658897340640123,0.4948945467375788,0.5297551237219846,0.6321819763438098,0.7066906331833562,0.6622869976278795,0.62754071262511,0.4979308364686472,0.6037776628297378,0.7678948471489011,0.5936122677530538,0.5884054466458174,0.5360111719690314,0.5855293574993181,0.6068511670507296,0.5611296236046521,0.1452420553658244,0.5104484682531574,0.7163005466908329,0.4675915860382987,0.29760685201572223,0.8197366787919996,0.5436789496937466,0.23577959953435249,0.5390440273752771,0.5575728291440664,0.4659434142364228,0.4745094933964526,0.8098038657612134,0.4815742441728157,0.6622894465609855,0.6545562480315021,0.47339755603243694,0.5375729547001117,0.2067077587220348,0.46935725916505366,0.703960805645812,0.6520630770697312,0.5624567260634381,0.49356429362669685,0.4242678305201761,0.3268583715085748,0.7773588558555189,0.44679868243740284,0.3616347168494773,0.8013528124766348,0.7837798620743012,0.5935084207006629,0.4217996452700713,0.756949008368507,0.8616528324416373,0.9434275256372266,0.6754754552608124,0.6282301114918357,0.541620371119264,0.47366909739781204,0.9300230290667145,0.4027528495195643,0.6398269279871829,0.5400905546961272,0.6890165196156871,0.18131767071800003,0.7274086635588756,0.6348635079266032,0.3357731655232057
3.0,0.5942931213885063,0.5453589478645566,0.8687583341250915,0.50221663352382,0.4769327775774155,0.5807466304133605,0.8200784544084302,0.6521204038560287,0.8202880249381209,0.5397046593122817,0.45772817106270813,0.5859117470831342,0.17597688512963008,0.527146222578868,0.813531075091596,0.2666397711921483,0.48848707280375475,0.4978240824739812,0.4361476160947307,0.3586202636928761,0.6813043084340925,0.4409937845140912,0.5298956595840345,0.4483457522079354,0.21822789159202946,0.16698043405400156,0.8104901712162009,0.2565315488438328,0.5608216025393109,0.5797664335779703,0.38688505706717424,0.46353346047848193,0.47250581204295855,0.5154922737924404,0.5023865028785247,0.7710376723958514,0.6354076887503659,0.7237144153363839,0.5539413148297128,0.6321775551232096,0.6576188247533113,0.4178814382366878,0.7268258661455377,0.6410344923102708,0.2851307485077988,0.6753861150436165,0.26174244198126584,0.12842954712086008,0.3018005515733129,0.8098852104795952,0.43574897378450617,0.7649976425633995,0.7706398062458594,0.5022242449187628,0.4486373344292937,0.7123878898775496,0.0,0.6229410369982993,0.5711629319733483,0.7187943503358583,0.669343977944431,0.7207993798555046,0.8122374487522569,0.5243801360515766,0.999074682148263,0.39103778306442005,0.01929652694362603,0.5024523119944361,0.09523308205009176,0.6808301286756522,0.4698852489771312,0.548773696214243,0.5325246102658839,0.5068810243171419,0.19172893125523197,0.6236608241491727,0.30527446500047517,0.5280875990442978,0.8471021224098766,0.5423787504993411,0.998959588594119,0.6587069120446377,0.21781931555916717,0.4582950475901774,0.5170695133912336,0.6523513566843531,0.7596328274776577,0.0,0.3186935037652035,0.6749863353528311,0.215296302320422,0.27820543104743517,0.381304639966074,0.2122177509530126,0.46261252517032486,0.5863949190225051,0.6222128423180197,0.3650044915136966,0.8209343351156705,0.5471502942350467,0.3616896463417819,0.3648879697708557,0.2640323128312419,0.6102074889753295,0.9008123346726187,0.1297201891322387,0.5796480040773896,0.1610785597887676,0.7571549477411579,0.3749051959911698,0.3414217180964601,0.7137875384742621,0.5129388015768938,0.4697922960909541,0.3297905744059566,0.5346969187578836,0.7938515118846509,0.34294952948297314,0.3868457614239831,0.7444975973033916,0.5218952851736204,0.6948141902878229,0.24568921817532516,0.4041011585312192,0.37295173396387554,0.7638932602839881,0.7676173911869288,0.15452560840610494,0.2884380876802694,0.6216904165027025,0.7095092492347224,0.18510441922827012,0.5788100620945354,0.8466801242534014,0.5183177558547694,0.7089077970545217,0.6723106117918861,0.7975275269628753,0.4619009083890913,0.9898596388955645,0.5528205842585184,0.3985833858439655,0.4775152720519786,0.6851283203575321,0.5781580582096437,0.3952360169321787,0.5425339463341085,0.9138748698593092,0.08160043407640502,0.6833566291484997,0.7232059258398567,0.3904515681294652,0.9064496239719624,0.4193296646461119,0.28671764680836076,0.40504436824935947,0.5759533649012244,0.5827763583041355,0.3609742077400032,0.32716303878803565,0.4843174327233549,0.3811409892677337,0.7424969540234118,0.4736778682140226,0.8583474458482276,0.6621901657830095,0.48055986944444945,0.6022369330183941,0.3902288594664005,0.6611478170861013,0.7624242903717217,0.8293840256747482,0.4667352435807803,0.5753259522798527,0.45121409890830966,0.4532232702117594,0.5332017400756008,0.4658038929797684,0.149808156023366,0.5847151331466545,0.09403448002630244,0.6131404401641646,0.6016393314217273,0.44430918433021965,0.49267155826929276,0.9252920631057067,0.4255827964223386,0.8122738407709172,0.1736397269240656,0.7438966456830874,0.6300053799802572,0.7551012665820845,0.7563146234100733,0.8025067329853736,0.7434135738664223,0.6932172253723381,0.3079118968869589,0.44574875745038384,0.399339560360089,0.21816998229579565,0.6378068091068311,0.453432864640694,0.6370924398729769,0.7283093159947647,0.6106873615814564,0.5762821335109253,0.2000374281130453,0.40378812321571983,0.36575208006511983,0.2693129918713912,0.4190673357369596,0.2408923909381298,0.5585050411700653,0.5546224119396042,0.7290833145090011,0.3999607614900393,0.049647106815917476,0.37807503886190663,0.7912377029238877,0.5836904897506997,0.568505234837965,0.7169997502916231,0.609764767187541,0.16641160095101076,0.8292901594272727,0.6455280061631905,0.34355232746381026,0.7727392862821899,0.4073296852871785,0.5454962725845861,0.41759862075331017,0.8481245611751072,0.7244724228958636,0.6853188741956046,0.977651441371488,0.7112315021450413,0.6338267999593593,0.5784372055327408,0.7588847447449305,0.41546905480890683,0.3704784989801044,0.5538302082176978,0.8091155628690242,0.16072972825259194,0.38235589938455605,0.5016961374969653,0.8801116953349463
3.0,0.7237060233079727,0.49442124434388557,0.5498219333037413,0.8439406303226291,1.0,0.6968496278797573,0.5224847654887672,0.7041277324063411,0.7196143440378101,0.20655932741782465,0.3655554175075289,0.22980032537229517,0.37243972894195027,0.1855271080934021,0.6352824108157221,0.6609837019925329,0.8190483820576036,0.615094289421277,0.2751084790562858,0.7780771650114505,0.7029320353307825,0.6068750941103225,0.15688479360998603,0.6615257413258402,0.42720028803190957,0.4107805601799899,0.5515611401889813,0.28732804974949555,0.8828789112165059,0.48902572555609164,0.1481259422929157,0.25910623087346707,1.0,0.26344017212107196,0.5303197534234776,1.0,0.6725558035024524,0.6261698561583243,0.8756554354441062,0.8254962640625616,0.649749393216355,0.5425440493759764,0.5486551804541878,0.5964883546221559,0.8065935970992901,0.5998293567882282,0.507745326142941,0.3066721370962589,0.4832685457273983,0.36588709118767826,0.250343894835083,0.7485512237433992,0.39026480968024035,0.6320396841470385,0.8159033721317399,0.733896083946588,0.6498960022494599,0.7948732594742351,0.6793766522559779,0.08261811694843223,0.6278340838707981,0.5966146883939608,0.7177798006599861,0.48429693666565665,0.7733439532967237,0.06292407243295778,0.3864109478779057,0.552100323003718,0.6991530112437715,0.7612514986495859,0.3387700668277071,0.36681631680855975,0.6502608526785448,0.08158227685292652,0.8957404227270216,0.4436467352228897,0.8710364769759033,0.6648272625213966,0.8509921464336033,0.7872869248513715,0.7163476785949786,0.8039679868766466,0.42527169615251514,0.663817843117471,0.6144147863090497,0.8331633045888578,0.5411596938179531,0.5299280142146452,0.36581721904158165,0.5861393828034119,1.0,0.6904687065367171,0.6747725914537627,0.4822238459233414,0.22451768058107793,0.5302333867944224,0.5019348459834636,0.5170961472009714,0.023085051382127575,0.4871222911393162,0.9679374973995152,0.6154056497558896,1.0,0.5543011216548394,0.6089800143755929,0.7729601686635351,0.7673126019838327,0.3317277130749318,0.5811012088205174,0.4652194716644103,0.23526046723532396,0.8216129546215543,0.6496718656781267,0.4973824457263803,0.7726213354564075,0.4578086041310597,0.6293691081292971,0.2172942881394237,0.012931020540152754,0.6827281376797847,0.4693395729012004,0.5816101402552762,0.22359036065835325,0.3794191111785228,0.5781889711482997,0.7716276274169993,0.5972603752371657,0.6064681283876996,0.5672603713915406,0.355920192525674,0.28007748537785554,0.32766905123689044,0.6514750476517732,0.3492283116370125,0.7212341293615955,0.9475460730675596,0.6936547203951062,0.4518720532096711,0.35385284717189086,0.7586027314982967,0.0,0.3715182798950602,0.19220265895071714,0.8198108293333382,0.8854027895736468,0.8699991136855528,0.7711810976504045,0.6490392701645046,0.18333576452188666,0.7587019124265447,0.8805724187465875,0.4362811005848404,0.6171585840690632,0.5216542627542298,1.0,0.28230680768272104,0.0,0.9120273993432295,0.4982008522505552,0.4352493524703066,0.5129999567497396,0.27922124077044985,0.47623226223736653,0.7249692462606624,0.5287860256921147,0.740014702167488,0.5975979374669835,0.6040080702228515,0.6777040396784633,0.28224349753731526,0.7409657061564596,0.21745144545214015,0.561922209690143,0.6959966815183162,0.21578941320107306,0.6188017221212719,0.5896414808730923,0.4646094801789602,0.6714427555293605,0.763122004497711,0.14353881487557846,0.8646650127093253,0.9933743528809987,1.0,0.6350597751534299,0.447139499343807,0.7302849820022623,0.6206914366889473,0.7870839593685998,0.5264982180248232,0.7064204332696161,0.7766213177677407,0.6630198764311444,0.4963448650053953,0.63049010892531,0.04413284459252251,0.18754871113465385,0.5817123284662952,0.22062281235155712,0.87112914808299,0.953011792615698,0.35687038249175074,0.6370924398729769,0.6161187959197707,0.5705201368636807,0.6560056521221315,0.7006495768728535,0.7210477858146231,0.9445310322262968,0.43463317511521565,0.36868508742610623,0.425391525684908,0.8719048053954301,0.8730300942910572,0.4208990574244724,0.343709257105942,0.21285665942948,0.8572207127982283,0.5621550865984766,0.6374262358523844,0.4198419552716674,0.2744233670313473,0.7829458286053739,0.09452286543138606,0.7932174520002616,0.30787178175907537,0.9593726625738651,0.9198644931137953,0.7680105101552928,0.5014137488535282,0.38447177066916133,0.8728437678849505,0.706153330708092,0.6498144369474241,0.4194298917265826,0.19493199387045665,0.6920784979960951,0.5980460409290042,0.8637694145787149,0.5779559779675,0.7683318536674808,0.40009531028273515,0.6721534924606286,0.21214737882360318,0.0,0.47678045649106765,0.1103350770157441
4.0,0.7198152781815979,0.42671723979458936,0.49900869218468147,0.8317438958910407,0.6173436529501619,0.3360557288035757,0.12944401628540003,0.8372255595811244,0.6992609663253759,0.3815649294591014,0.2281063568312881,0.26360302645021344,0.7049897981621428,0.33394491884570404,0.5873339984403498,0.20333990122309453,0.5693804794759424,0.8814940152628709,0.1696510376642416,0.5230792590025416,0.8176168064512526,0.943176626042891,0.657126458968459,1.0,0.9230930038849784,0.9918863359900063,0.327048049715753,0.6705052414364172,0.7177832761631848,0.4173880491672284,0.6166418016927192,0.9735415726263215,0.48950084930722904,0.7149058842295911,0.8005404968743669,0.8593582786871413,0.48395755398898965,0.25001059692507044,0.8195709975877505,0.8127572765858523,0.568434891462328,0.4584798265995763,0.4784564512385065,0.552971771042222,0.7794292406409326,0.32222195816095356,0.23302029853128406,0.2253498086577234,0.9172172438033508,0.06560304394635887,0.8701706069829341,0.5290751978345583,0.543518561265171,0.3101135708652626,0.5902085826735276,0.6715035008597926,0.7946331654451912,0.5469356383302592,0.8895310991837649,0.38084979346223957,0.5497367500353805,0.8725828884659682,0.8334981395187574,0.30706727623165514,0.6525379970940524,0.19238690931498428,0.7079674789260177,0.7681046842929415,0.2684617482213283,0.6814885681834483,0.23500319392823493,0.3514014488533901,0.7963221890945212,0.36156884898027425,0.4197253991217454,0.813418248541401,0.4059075386622325,0.7248139702676812,0.7341780063098774,0.7559643480146437,0.08722326879808402,0.31938678361635137,0.35412679780025674,0.9213981903363709,0.5957880414777539,0.44385190377573397,0.8122636469640714,0.7836402471538744,0.8927473086853028,0.7751144005982104,0.5423618308935971,0.750917234488401,0.4413406125234824,0.016042342914536895,0.26925549428758777,0.5620980805947465,0.6983644426282923,0.6417892335523585,0.5926488020998916,0.48363866059959204,0.6367286427376428,0.6521438787994117,0.4324538373356529,0.6442281395974294,0.052207569344578875,0.7502045740855415,0.6989429129310909,0.41530920835207,0.4974189131800391,0.6851983203111972,0.46338133568122075,0.4659751939456943,0.5859451939423068,0.5021287185849741,0.533126181220456,0.27019185695794234,0.8441893156615814,0.6158497253088371,0.466912222992588,0.6582413051502325,0.1620469574826162,0.7493057960947559,0.23211491796614103,0.3198983912122063,0.25953366152551244,0.6279352551100026,0.7931461071611952,0.7490106163086677,0.7632592221166526,0.4900347378242951,0.2078340333650357,0.8991783162145699,0.8725215900383039,0.8029368634167576,0.7349793697144658,0.618963857859033,0.7367525352081709,0.4845577425466506,0.17207201581817144,0.6546137276806495,0.8426967206663639,0.6711111038036114,0.3183667326037083,0.843796752918458,0.8216690390076956,0.5043622971199504,0.4933418090591451,0.20079334159457665,0.7277165305610108,0.399333147492858,0.5415571106634297,0.6030099150442018,0.7722570590549326,0.5035563381120267,0.22102667797280218,0.46220536092815523,0.37111007967157944,0.9287526406484268,0.8382982799125195,0.47697879883335786,0.2842540846707341,0.23703655642607674,0.4844275064968851,0.760907860843865,0.5794324660658865,0.9791230857469158,0.8688450549232399,0.5099336025373581,0.7897352425090813,0.10885965107410314,0.8685799712260589,0.27391417980440574,0.48449126474539994,0.842975614421906,0.49239856586022207,0.6735472375130684,0.26070745461381484,0.4631399670516696,0.37037353856439975,0.5140163300947667,0.7062887116505014,0.6471802262146207,0.17184189759342908,0.2903040940522715,0.6250762349552824,0.17140298200625873,0.0,0.08899899127699845,0.5520541042330018,0.39639263184758033,0.6612719041472827,0.4887970431795072,0.14274888300624813,0.5511099774007185,0.72123696108029,0.5669817719574927,0.8405189276906133,0.5912750805623286,0.12540410819314096,0.5098655671311889,0.7432325721679764,0.40168683263273064,0.6937400943039297,0.6275102021987691,0.8193680125984448,0.8183888178566839,1.0,0.6858709969333043,0.8222139219440346,0.32540687439081284,0.6051631963152243,0.5230873486816321,0.580751881208044,0.5146108198021133,0.7533062979209302,0.6831041709488465,0.527956535118471,0.7363295621322005,0.6991272976318001,0.7257458961984986,0.108939279423797,0.3343755766758972,0.7722339497427407,0.8598007633644285,0.46717520047996713,0.5797273819160381,0.8128026573015742,0.8173264535837698,0.1592912338226787,0.054587732925080325,0.4373020841945725,0.7115259224629883,0.5500267727908162,0.24890820437172476,0.5717726770434034,0.5856085212844182,0.4964098755196391,0.3470100552438882,0.7162232853145507,0.41352441788562033,0.6060039082206566,0.29335123096961085,0.7266814148877718,0.943613672893886,0.807741580785536,0.5713029350185832,0.12523370133730732
4.0,1.0,0.5513954514679582,0.544776473698415,0.885502487274022,0.46853473772683485,0.44581900616540454,0.48505619163142116,0.713984024685335,0.7932260901921664,0.40338042649498507,0.5652227506342905,0.20096461264471735,0.2156884342616023,0.6605089475069906,0.2714938680221277,0.7226024073541487,0.6402832447484146,0.6795638662415534,0.6029745221368855,0.6374731352713675,0.4367706876091088,0.7712126237916006,0.6928025365779255,0.7149348658234981,0.30860798829123887,0.3031421336593428,0.33800485316114925,0.7683993962222891,0.5640130312777498,0.3932774016801867,0.59029448086688,0.2304419344803252,0.3590217122227199,0.4537807790431254,0.4568580743259453,0.6705575694740353,0.5581538646748097,0.288207484350141,0.2117750465258564,0.9298736450395686,0.6465032804974014,0.6502889442217109,0.5195984361506731,0.6949286026317226,0.9177002764014303,0.2778088264582529,0.21167091400204152,0.3186392221286079,0.5638311220990174,0.7190066867566286,0.48165992724392365,0.8020694637450958,0.26809219511069327,0.447212473161578,0.7498993904224815,0.7484920870858454,0.7650186905141676,0.4648033762555856,0.9112802208672748,0.7803918863864869,0.8011815333470859,0.8591877362560946,0.9763055494695597,0.5714728302549555,0.5019177708445246,0.5643717080194898,0.42954563579293,0.6844921097776883,0.37159706721474456,0.738023255943231,0.45292869627539534,0.5053956582942131,0.6348003025968255,0.33200932522822524,0.5017822822814493,0.5668811941202563,0.5530141884796286,0.9177430062694123,0.9836322662607431,0.8046695277789563,0.5349008806312915,0.3361215226184418,0.8236063849441548,0.4896478427685314,0.6562840914768013,0.45310063246161897,0.6148530355020861,0.7753725019299076,0.47910116965881167,0.6904242077645663,0.5340301750934702,0.41653765193140874,0.3376858794364583,0.46462523030690134,0.5716842286512405,0.7524802028265628,0.7883536108806418,0.8655263093644554,0.541401515613353,0.32866369478811,0.3553516634286838,0.6751403791809507,0.21934483511618388,0.7091196186762874,0.7071355066782876,0.5989862593392111,0.6657457934228939,0.5006935337857391,0.7521031343068871,0.8248032624124151,0.7822993726862583,0.5054000136994802,0.4820147334256379,0.6847335346110851,0.9338150476648959,0.23237100114045459,0.6913981829964055,0.5335109042541853,0.8238007851224303,0.8363139247888748,0.33971963396502847,0.7376278423092205,0.3994009650551156,0.4276597696774988,0.42378400082183837,0.2252699088147961,0.835346344000948,0.8286867182860385,0.9848632139987327,0.5759227060411151,0.2867111109742896,0.3859587254222392,0.4479601028866625,0.3685243813649188,0.692029126350499,0.6811782619017506,0.6361302044885814,0.6050077469771884,0.273964358596842,0.6600583025157878,0.6286808692131712,0.4553988402389393,0.3854486842614627,0.802060172663686,0.8663688305162106,0.62356038820129,0.7787139600798777,0.5106989936547962,0.8456499049169631,0.4047760236253822,0.6697452594528954,0.6497320199667557,0.8535726347449657,0.5710444075784787,0.3832260417371791,0.5175578942096065,0.6430100177778326,0.8841188328961309,0.8960961219985711,0.5582073333585039,0.5014344056561824,0.2434473189710666,0.2788327591225768,0.7849970723122928,0.5995312204225706,0.8109697422417819,0.7373673342758759,0.5048986570879074,0.8812108117679418,0.45662293438908114,0.8524653485304795,0.31657904715876467,0.2945973791644583,0.8032573053456866,0.22662986329590298,0.5693038974537225,0.6196720583098163,0.4651889214365037,0.3295283129302486,0.5408427835238356,0.6761671226903974,0.7516286094741736,0.5257492273656866,0.47069587731287527,0.7751140910703321,0.3817432883162374,0.6151207164821495,0.47423520201298913,0.7477408682749448,0.4280929701902976,0.5303685179786942,0.5946434508785536,0.42143918693262855,0.5236876936409531,0.8105737584020848,0.34602709361081163,0.3869536023014317,0.6241322901253009,0.4563823975862784,0.5404667756136121,0.652216117518996,0.6719423317554657,0.7649447105883785,0.616949897244489,0.9036006230942139,0.6154860448211626,0.6511825194606193,0.4366055887302178,0.6389491692898512,0.6465127722846133,0.5932281156346708,0.13838368419732466,0.5829106496508666,0.804259555218956,0.7625242279592388,0.9945567996261392,0.8447752255162152,0.4627963911168131,0.6850822775782018,0.8313559522779302,0.6751851253305371,0.35809033611031166,0.8843888826096359,0.2238189176846151,0.6643721840740245,0.7445888381544257,0.6519257411214564,0.5728047556685458,0.42835411117375527,0.7923080253603122,0.6669916740538958,0.8941404016804796,0.6068139295860049,0.17017390095658,0.2684284187509037,0.6139613926626659,0.7347882961006944,0.5444664726148571,0.5329238453967633,0.6088018208270757,0.6341288547684318,0.5504544888437595,0.6506519925800345,0.6953362189761201,0.8630741545254168,0.5531960284230527,0.19869242010258495
1.0,0.8910770346062493,0.8597535505045488,0.5348636059669442,0.8075656491804869,0.5752786745938335,0.40021423286278335,0.01686506954286287,0.8054483190205013,0.7533187907720101,0.4739022353382828,0.3357265460341189,0.20299474794508718,0.31692548740183124,0.25957775123997057,0.2725526072868157,0.25464436615486447,0.4033607506081428,0.9181697055309939,0.3387641089812988,0.557641538677148,0.7712246905511875,0.9640374721861766,0.6834656607598607,0.8850243078780097,0.8718583481330989,0.8171038313486816,0.29620526772065714,0.6390512749022467,0.348180538552106,0.47057194805236363,0.4500521346252345,0.9701819714321682,0.4124509199767832,0.760234251095488,0.631910039855258,0.8977843382682841,0.0,0.4857637604845433,0.46036603925830044,0.6662805165714936,0.6112285985747845,0.621106790357411,0.3119648263906573,0.6025331297379305,0.6164377551940735,0.194126279158296,0.09052500951205478,0.34792210693752096,0.9409572876612541,0.022070620687595133,0.9267910269848892,0.4594111875476554,0.2606727076664995,0.3763330683424593,0.4428992284016661,0.5933421862295605,0.8468670982900931,0.6828002854346367,0.9626106168678362,0.527319265374054,0.9416212136233509,0.6907017136042889,0.6944203955439865,0.1993601565471544,0.8330188650575396,0.72552881835431,0.8306505171363644,0.6318849227570749,0.23871342275617233,0.6731247550517973,0.4865962905319787,0.38800620644443695,0.46251446709118293,0.4511577400802328,0.5860580662382425,0.6673056975279366,0.5273109799133266,0.6609340926897708,0.5829709162382634,0.765050465490938,0.1610426287334801,0.486220022316821,0.6410945814992391,0.3878637560940685,0.6181158129775177,0.5539169058058845,0.3482700758665019,0.716559785754341,0.8760569034736329,0.9461504874290729,0.524726985725278,0.7394444046341162,0.44885352814433904,0.9360971345715354,0.20252252271126678,0.6497103896554322,0.6227697218731867,0.8152306253995738,0.53008727598537,0.4752980209539756,0.5224340767371654,0.6211401479612534,0.4190758163964886,0.5455369478704387,0.09391771895746294,0.6012504236144386,0.7483463456041226,0.336976533778194,0.6427195061035362,0.7775765666822375,0.4756852697040996,0.3882495268658229,0.38569105233639756,0.46724718232164547,0.777829270974515,0.4275487216052291,0.5495964456684634,0.596404240162588,0.3495974302428725,0.22584344510209642,0.3834971560842198,0.7183191802310791,0.15676122962572106,0.3229247599110556,0.6483442009715094,0.48212142973139527,0.7991413116244007,0.6388852090283215,0.5062160482189733,0.5890802336322442,0.597160236214291,0.9595736703103285,0.9013365751063945,0.8070346729516832,0.7890476045801068,0.6428659472026574,0.17743633783864676,0.36392320898861313,0.22902624424198056,0.6568798243272596,0.8914310903724821,0.5788188631194506,0.4230974926569397,0.8118115507612926,0.8612295792751966,0.617788856877351,0.5804049062105184,0.32982970379312954,0.6923870811693772,0.26011159978747994,0.5107965829121034,0.7580439321556016,0.7497509720352427,0.18129665180722113,0.14479604232450033,0.48475126692817383,0.26424291132488303,0.9764551826593828,0.6377615248827567,0.5106254811502897,0.21904781048352642,0.10690957327205385,0.43663038413105293,0.8933464272543281,0.54739800664859,0.7029071750720358,0.7163883742717743,0.4033469836631028,0.8684684705620181,0.22300592886339415,0.7675911420898872,0.42025206320752084,0.28296949611556194,0.616774872852901,0.38690748619740617,0.6896090412034803,0.25344611317621674,0.41786335226245164,0.30204132226742697,0.700742897671369,0.8211065663469566,0.9147373668991003,0.2180361179419915,0.625840005562143,0.5645201725950885,0.2387529225714604,0.487844841005542,0.5933055788648536,0.44877773503502266,0.529938654566458,0.6532345279395233,0.35340180316001074,0.4091051042307286,0.6531159368226085,0.644800494438146,0.524141143020219,0.7591362157223865,0.5978108266540739,0.5139010214496575,0.38900285994419675,0.732921792989313,0.548726911239957,0.4571450156845406,0.28865568883465276,0.6604864120567598,0.4656937063510924,0.9028412959323291,0.6622584229160365,0.661549332008277,0.5720737575563359,0.4018789494405077,0.3325531772986833,0.6785415614924962,0.4400509961299339,0.7552477469519208,0.7475648487166429,0.7665956848144885,0.46935725916505366,0.5030291736228746,0.8220257397129551,0.1624163104386032,0.10591395264616628,0.8327867854606782,0.9230565715325519,0.4071774015395915,0.5815463851557888,0.8062679513539076,0.7587923303617299,0.29117356818292534,0.25942239850707666,0.5734721894034693,0.47032708411072255,0.510262677481791,0.2694617643655034,0.2691598566329305,0.6412371638493697,0.4110702895891814,0.40688406849216835,0.8045554014806889,0.2868068853023293,0.13500659336995563,0.21725698075954591,0.5416894745478891,0.8014622105770803,0.7594991745841926,0.40916512062781846,0.1929160166160467
3.0,0.5712686477707035,0.4474105469310127,0.9648728879222999,0.822228630089831,0.5633973205919804,0.5703256989690925,0.7628371126933186,0.41173698161436534,0.8427592482978233,0.3634948232311997,0.3571313297413574,0.4231865711858847,0.675321768390036,0.5680515160437339,0.719692682373145,0.45973495551368876,0.8856003463438739,0.26296761459467644,0.6158334771347618,0.5294873497297621,0.4414551076515558,0.5303502009687748,0.779824673514546,0.6143265314689261,0.39710666012614315,0.3772964080498697,0.8268421427593428,0.47317303507123537,0.7200868776903471,0.7198126193732508,0.44146789537667414,0.4768833594132896,0.5239294722751379,0.17053922115073253,0.6028021504302794,0.4526088303851757,0.7134455364789525,0.6524908919125373,0.6364513773232311,0.5565387362851199,0.649749393216355,0.3272232946334373,0.591718600176352,0.6054927027135381,0.42634313193018886,0.29041683852584504,0.160267644538768,0.30080082797975993,0.4447764150161897,0.8442286665800899,0.47536209083630654,0.710756890912907,0.9493718595093864,0.18142365818528697,0.5612138503355438,0.720890981130819,0.4276583184375435,0.46945657587770845,0.6749784040554991,0.7709098389983626,0.6866061126181563,0.7619996782762328,0.23645054391273962,0.5835841719593386,0.5843458597407557,0.43747933459572363,0.2199701710933251,0.6324971742593343,0.6483113228174474,0.8513962293923373,0.40418424749453075,0.5890506972117012,0.6525664398623138,0.6728768561803699,0.32321747438302,0.6705124692832358,0.30410405036456684,0.791643479992617,0.8770019135719458,0.5385571047170059,0.8732694386857869,0.4110141058206845,0.4700708417595035,0.6122284513912996,0.5809980319031282,0.4901806322658315,0.868430036549056,0.4002913147085029,0.42829377748949615,0.477203547098851,0.02320268643268277,0.4286496119054325,0.4367402315904405,0.7845176891931606,0.2332269911240095,0.6037600236513925,0.6352944319634567,0.6434379309001049,1.0,0.6846798904159686,0.22785657851765823,0.5154722744091611,0.34528480274651885,0.6437257593000675,0.9402324067736856,0.5047218841772844,0.5418494992657577,0.21430588270165427,0.7592000865743619,0.6289661306889377,0.717528557263118,0.6517479129064064,0.7377700915911609,0.5433322957167694,0.5756238294744309,0.11353087035121273,0.7080833365634722,0.41817494530073746,0.4510917138426191,0.7961140878023238,0.41534245508743795,0.6416300119952226,0.05194418271096113,0.3303633416345883,0.4267665938514407,0.6050955610429437,0.8210430893013351,0.5700702435658335,0.6335255550857793,0.5061148516775292,0.8856583230538166,0.36019125379881956,0.3961591652032314,0.7721685651859191,0.5877394570864138,0.14584650719588005,0.5822202557243025,0.7833319058709804,0.4944604948026535,0.9272598388017989,0.5138116193524078,0.3290913434052876,0.4505167634897266,0.749365116060097,0.62001480146459,0.5797215890556775,0.7094834519710248,0.6121379049120926,0.25569791272512254,0.6350304382822487,0.4349133695802431,0.45714221107667574,0.8537935678495584,0.37442942630655396,0.39586455711810814,0.28547200978193016,0.6334922948776919,0.6178720671419161,0.5083198678563101,0.450375418071086,0.3222578375781154,0.2916403792571707,0.6970624749740016,0.6269353560409119,0.8788621213618975,0.5532799917745138,0.5777774879870609,0.733420285539134,0.46660261238478995,0.5899829106986625,0.7310675462203811,0.7348070980025264,0.7030154692797401,0.8622817430658145,0.7572928491681999,0.5030188198571115,0.41577594334901247,0.5103764737075229,0.17783289525971427,0.37909923838376325,0.025650107255330633,0.6769485128395426,0.4824379536223242,0.5411133937779677,0.5818771476219079,0.650352965344059,0.38727537957721747,0.7585334449357389,0.5394700289713078,0.5892039261295745,0.7206558718746099,0.7995710666829653,0.749323961312707,0.8083500232418234,0.7558600263357836,0.5239037878891917,0.2224187276619532,0.593228903285705,0.18847922143322038,0.37428811217669894,0.6860512493878228,0.48236333948604476,0.4437092715434046,0.8329010474617379,0.6465215022183104,0.12570862393486135,0.5812856976197375,0.3580463673962981,0.7615297372603258,0.6449296700613906,0.7699241801140481,0.32650285201183255,0.4938284523216377,0.7063281735794102,0.7114345072184168,0.6070575113120339,0.07981976975866532,0.717447606001341,0.6787214773488321,0.588134017884638,0.44962808735002274,0.5739512045900317,0.5682208523697438,0.13389321311294397,0.8104228053489736,0.6394359366964484,0.3246951271286035,0.8021296601600639,0.8204786673160608,0.46681893224680215,0.43771016616677455,0.19694072796701242,0.8668387674939461,0.9021062929217633,0.8220720315030574,0.7033216732297858,0.7068215828612587,0.6525621564712343,0.8473885970732109,0.49354876436986617,0.5485138821893994,0.6282368214103464,0.7882640142165526,0.4704476267603921,0.5294268799168204,0.9453633789446809,0.5255691022992097
3.0,0.8471961345519927,0.7820896292354921,0.6178865390968487,0.4786194453571483,0.5681020257330355,0.5005825073506914,0.2185759262938298,0.8450986647633064,0.7687437012069318,0.30035410304037874,0.5793838913088107,0.16333856532933702,0.3758387833024101,0.3919537574396445,0.4140501375264314,0.10034872573653288,0.5579651759558197,0.9223653380693597,0.3371558478119631,0.5773938681430958,0.8452327871348494,0.9617571980452219,0.5506016764887068,0.8341710453200735,0.8529064807699253,0.7227269447421819,0.0,0.5210936754848347,0.4982314041111999,0.649036543679344,0.6367136831902319,0.7928283204699925,0.37689775611279536,0.6723624627101564,0.6912490761608704,0.5820598861288507,0.5938794081159736,0.43388356728286087,0.23145208359502883,0.8380124924349799,0.7464970008850803,0.2846086151604533,0.28606318687355303,0.571770290748344,0.6891896913467318,0.26943676144524337,0.16703765877522192,0.28447968683907376,0.912506366776878,0.03493967417479397,0.8102617724355322,0.5571475977235575,0.20226033403572746,0.447212473161578,0.5621683422996057,0.6808364211037999,0.7970190404032411,0.6134906851938489,0.9644176552857014,0.4883748569108893,0.8160764893347532,0.8247788707626807,0.7172930775352427,0.3811998836266273,0.8094510492133076,0.4599366239742435,0.8505432765641064,0.8409067179660099,0.23197887502127187,0.6936661465581752,0.4405245532090369,0.5683672658406776,0.37675704331971693,0.3048983948351169,0.6718448252675346,0.7478465723884496,0.6509894241358748,0.8310437571430233,0.7321557557324456,0.8505002150088282,0.18634292813658165,0.39564537641857844,0.5715828602450906,0.393868351468039,0.3462197526448368,0.4097637012669359,0.5101111445140102,0.6482797301673517,0.7427978464928618,0.8156602922312255,0.20989990608112033,0.6462470575943057,0.37818618815573724,0.7779062272511201,0.2046812871766929,0.5859377977418867,0.8040560999169701,0.6626368307022034,0.44563317872301295,0.6883197223216951,0.5972439972085439,0.6685809859754823,0.5492862046836012,0.5581388615280201,0.14790255141739495,0.7959993148627715,0.8724211815982603,0.4704594846928745,0.5297370582971471,0.6955702030271282,0.7567406787910618,0.4976379966417418,0.3810261773618633,0.564647534338437,0.8282809225779902,0.44903587334483935,0.6645465157515896,0.6179708571616728,0.4601750489922157,0.5722529876820347,0.48453230276217407,0.5910478806129454,0.24852625348479943,0.4300948852741289,0.346033440871426,0.5569111485852587,0.7301688359309798,0.7781958332505455,0.49387266475912406,0.4788982773513528,0.37110248870485746,0.8866989651084402,0.7911658738709962,0.879205180120775,0.6798992853029274,0.6245709590067059,0.24127748077229344,0.3790135652018132,0.2730400063100483,0.6837085465637213,0.9095455036335078,0.6686215142614217,0.3144296931500294,0.8497137330078475,0.8041976577701928,0.6928425176106559,0.5245884693706828,0.20361356597403404,0.8811173365247491,0.5091027308755086,0.6496238573660312,0.8263887152119862,0.7884173296274428,0.3903266993638783,0.5507824723493,0.6637742852120285,0.17142469701080942,0.8596563071133889,0.8947119621307572,0.4461553926519477,0.35545621206423733,0.10308811328716347,0.2942539931124429,0.7754007916507087,0.8256931486745271,0.84561054928113,0.577532940664238,0.5367996353091992,0.8098957270801411,0.21715388935984145,0.8567100238393629,0.18251928392032252,0.3639461539166389,0.7596063145300248,0.370130415971371,0.6258719415768648,0.23179665807589866,0.3414089475306702,0.322870725197097,0.5963193050810516,0.7803379520922578,0.8980970336325909,0.2619111947901064,0.3524271259226226,0.8039504452436715,0.20942663848857151,0.4551377205638445,0.4324561984426951,0.6214614580347677,0.5355773996689763,0.68414826731802,0.32943219455324607,0.2642304944334187,0.7961110141542181,0.731527522087206,0.40530041614573126,0.6659501801472635,0.5323374854448715,0.1984560549617037,0.6704548602196667,0.6813858447297999,0.5449000166041177,0.9195470805429157,0.421727027290329,0.5776737457062134,0.4134362308882173,0.8958494559392098,0.3901307776633086,0.6642480630211646,0.40135473082860645,0.203577332949963,0.3712571074624055,0.6419806833131463,0.931674437821934,0.6963205519173701,0.7060738366139006,0.8738493012893525,0.6430305594701632,0.5078990831849161,0.7690748169801237,0.12923923264031745,0.14841232627371284,0.7229099334758151,0.8018988101307376,0.4952170342976916,0.4464326929078422,0.8431704924356532,0.7580533280568268,0.17075036278258793,0.21053446977457174,0.6612099932501885,0.7404209386101479,0.6244075838819833,0.320585109020513,0.2587264998119604,0.6775173657269318,0.538316394948692,0.41795422762541434,0.771163493491385,0.2534114464065601,0.4563610792429777,0.31627796096604754,0.45581101835912813,0.775054657785395,0.6493705434062674,0.5711484795373437,0.10181734073287682
3.0,0.777503656730233,0.7799353906123188,0.5757794993613997,0.7730149108110207,0.6771482032835563,0.4683221893225252,0.6349088140160697,0.7478200437394067,0.7958442164469391,0.4848396953412781,0.4319630005072252,0.2957487543080907,0.2986919636648361,0.4194670852560083,0.5321850937277555,0.5429968115253934,0.6668976697294718,0.7484796609699175,0.42369248558194617,0.5698219631005714,0.6084038526089258,0.8387052409351226,0.623027500097814,0.7732622973071454,0.5932870245527482,0.6387350784312922,0.5712658906819396,0.760311993972176,0.605051280879532,0.7915280786988488,0.48520279008062095,0.6110909987545627,0.5741354618903647,0.5449444326283133,0.5033855746286676,0.5811051366297578,0.8450583815729877,0.4964040674310176,0.4662532338574835,0.6470356185121762,0.7112716855231757,0.642428356786937,0.6927793250189961,0.7201802503436914,0.6841542636477528,0.22716866850079942,0.1683126472698915,0.19900473803955915,0.513917693993472,0.23839520284535276,0.7104931601102897,0.8848732972556989,0.16702242796295488,0.504567331318573,0.6652885739948193,0.6727904275102534,0.7280278070683104,0.45055043162565783,0.8152132258592868,0.6110871940394953,0.7665498290762479,0.8015126933568792,0.7771803551991908,0.38468995747759,0.6116778324879562,0.08227459180581999,0.5048060434777712,0.694484840766598,0.2111643134229688,0.8278231792157801,0.33244814581194077,0.6215931754021953,0.5662989904144338,0.2989223474330024,0.6053750237502764,0.5255972389067347,0.5004286691819537,0.7937480053004574,0.8478156938051928,0.8158513361940513,0.6829645150874448,0.5208575241886578,0.4439073984395453,0.7586016010601427,0.7369304348714024,0.4985786266311466,0.6710617849296759,0.6760963473255642,0.5919637340245061,0.6128924933337768,0.5105851742980672,0.4307232800536921,0.5251861946295441,0.8539047190427317,0.24369577482100394,0.47391876420398515,0.8390557056495308,0.6427323012749595,0.3666198413492014,0.462381586332442,0.651543313555201,0.6428252047503051,0.4221561308925815,0.5284264016074449,0.6410392583408382,0.6734857784324011,0.4320833016622014,0.5035363760605376,0.7607237019267387,0.6765353325868384,0.6638077929476184,0.7087928304142364,0.689332401420576,0.5002701239993596,0.774015312056022,0.4220569091754419,0.5510347643353154,0.5360706679490825,0.38428319184472115,0.7515852630242884,0.41029055686520016,0.7236613319092592,0.1977008317042394,0.4074815596185708,0.4399162086926763,0.6669646140559731,0.6186009976677145,0.7671926755073303,0.7693980958995056,0.5562992339204451,0.6201593706805454,0.47398645364969405,0.7217944755531638,0.49916957180811417,0.8114626868406353,0.5483606858206042,0.5241193302430635,0.6342210874872213,0.4835362241526223,0.6921745408201392,0.6160564746243292,0.610765553535074,0.427906887206606,0.7832783398910231,0.8329611423569218,0.7223837580102186,0.7528980375905365,0.43189158983084064,0.8238034832647082,0.5976404201867281,0.692912925898267,0.5577417026125191,0.8065807317983439,0.33796725432406866,0.5009422717311838,0.5386723687771081,0.4863009557793678,0.9115019709146807,0.816027384508039,0.31231058527063993,0.1602164540572545,0.2396786829459432,0.6732871144343633,0.7591530499201753,0.8522549961357992,0.6977280022909836,0.8463997469418127,0.5407505693993983,0.5891674292011844,0.43367527929831745,0.6574852726120755,0.5479385810081479,0.8041637016460895,0.6920168298645586,0.19867849278314367,0.6988516124090858,0.29197143554976684,0.28190704857274346,0.44522862322331663,0.8088040781761604,0.5620707514719242,0.8060853808436419,0.441226236822089,0.5031452892455147,0.7495285631811374,0.4655659320204009,0.553298851229877,0.6259905892610395,0.6694810798972476,0.5333108916209137,0.5306473265563635,0.5809036791869302,0.5001922461245041,0.6317627813186031,0.6819710453174183,0.502779380200652,0.44469772008747843,0.5647352865236267,0.20813940925446103,0.40790641276564954,0.7345036919283446,0.4552563005351259,0.8087649591851608,0.6877543465328987,0.7915855769631062,0.4650233018928211,0.7172247066683285,0.7203528864770127,0.6159653131151634,0.6643293259276519,0.7552813006226758,0.3159927698908468,0.6956588470355651,0.7133528269297603,0.7382546591956746,0.7093039427515354,0.6539362818001733,0.6735935224134191,0.443388824186832,0.859880082998544,0.3738892556252714,0.278468076100544,0.7961845709676205,0.6843678048721027,0.7600326711368645,0.5398609894865952,0.4284906652031518,0.7905002695304327,0.33299887071713535,0.32578360713278903,0.34043659204820415,0.7788929021738489,0.6394365017472647,0.7475043243332368,0.43832875721899855,0.5431801742710769,0.6761537890405904,0.6262710578256793,0.7865532142628783,0.37743613823280026,0.37958155551914324,0.37250562511118374,0.7733364906528575,0.74158884901823,0.48185288531811626,0.4968501298513736,0.49211119954435195
3.0,0.37705412075072803,0.5406340379977614,1.0,0.4141379138139384,0.7495104810096354,0.6020356194197071,0.8989050544432562,0.8085213648951023,0.9376923240700972,0.6797795626661587,1.0,0.4553485214425562,0.4438857590039499,1.0,0.30974202165753006,0.4456043738778576,0.7047503132192238,0.9884932826273084,1.0,0.9226895041639394,0.49422510231913325,0.6590479513068805,0.17345826215753843,0.2716563417696151,0.45954256687509776,0.36044758581620545,0.18982495311488848,0.8544862736326876,0.7260434122262258,0.6238625343438248,1.0,0.5667124635930992,0.6768445972083499,0.9513873345213725,0.8986919229417444,0.8593582786871413,0.852936091710941,0.3513624519674495,0.4211810703540651,0.9583214140576803,0.6602363091626974,0.21604839092958936,0.6718699305438675,0.7222871338900596,0.5877237119976243,0.42199120325238637,0.3497135693934394,0.6002611595074334,0.45571479393489206,0.8697940205735625,0.4330079280912949,0.41286030416362646,0.3932949149745495,0.8895669698139931,0.9284433725916124,0.0,0.6136669516130451,0.4897478682622036,0.9577524223056691,0.5112335425954987,0.8562463880876374,0.8988436528474684,0.6354852912301251,1.0,0.9061058349464333,0.4973421441859437,0.3702716038793304,0.77889284374023,0.4067834879301869,0.9142289967643034,1.0,0.5753945526364057,0.43824467215648605,0.3367045324546369,1.0,0.1773196273876985,0.5312508001884597,0.9782305231854511,1.0,0.6594008697155695,0.8230811358304079,0.9138432274470042,0.4872537051373982,0.8313004716080405,0.6178925947560656,0.8353731228749915,0.6388278928482871,0.7312921909971586,0.46490140621386683,0.40217032352425897,0.6500158557567068,0.620406713378384,0.5820334273533154,0.9348054640181781,0.029495606561000386,0.20744535294687627,1.0,0.7124873990699656,0.12496290479501267,0.46909093346428915,0.595078939068198,0.7697763903954266,0.4324411280030756,1.0,0.8016125920837694,0.8268020359597611,0.6127756136653774,0.15177682426796324,0.7765747068772126,1.0,0.46233079177423253,0.8957424824704143,0.23501463968739925,0.5509542709057381,0.7258809429039621,0.5907172393880377,0.4618193007060921,0.5339460988021165,0.5686456950291224,0.6511038936232483,0.04771558664284113,1.0,0.30104917910651297,0.3947974029880197,0.7027628968690153,1.0,0.8085435907098126,0.9199235684362954,0.6102264593358169,0.6437697896854603,0.9282984557909058,0.6885062744714135,0.5340574856917061,0.03161091192358444,0.6393247896506673,0.6078710389296564,0.9427581236078753,0.22741436304952287,0.3840433209733816,0.6470022855338415,0.7034119161457673,0.4994598138201755,0.5400188185543111,0.8949741181201348,0.8037111187723166,0.7422333192879856,0.7998185698277104,0.7455216582959303,0.6942291831832882,0.0,0.6903752807247041,0.8078452541959881,0.9192496065834689,0.24009756223064668,0.5207891549317507,1.0,0.5935704693775212,0.6598302354534037,0.7598963124226131,1.0,0.19668889113776786,0.24060585400782833,0.7510481855772102,0.6764117676184298,0.46710437905391744,0.7991310267453213,0.9276758271464812,1.0,0.7537483181442161,0.2786500086993417,0.9815638957165642,0.365513435928968,0.4613080298173491,0.7673809951577073,0.3202316342080845,0.6367000179050131,0.46377469480498346,0.1758172601529269,0.19399200951883716,0.6217910298885547,0.21860790242500774,0.9084392397091178,0.5198635490229145,0.8797303216799433,0.5116154526939415,0.3155684256547755,0.8656914496277556,0.5830337606006848,0.3216007023991508,0.35344239156900104,0.0,0.0,0.7040030195561906,0.2869169092049866,0.0,0.7112274216935823,0.0,0.5393243137571953,0.831735250833436,0.6184570535515849,0.6306268764173867,0.6233360304144433,0.9783667940379103,0.5267735627505713,0.9584688931297637,0.6685737746316295,0.5248786058530521,0.5070722758589262,0.9584139359243012,0.7607457202709319,0.35884037575226696,0.63622764226696,0.3315934883711965,0.8116305565198071,0.3933837080765227,0.0,0.10888828194628125,0.6648739987231007,0.0232167506378029,0.8276086838639871,0.5863675043404307,0.3812296626959608,0.7954145591070984,0.27010304409448443,0.68702819807747,0.0,0.0,0.8463422909074325,0.9395990923264426,0.09321510011779006,0.7956611030072454,0.8192882755764859,0.8254232397084635,0.8186634592903569,0.33800693546604416,0.616684117218956,0.38011918466660227,1.0,0.9670133882947658,0.0,0.4730597017558921,1.0,0.8601296557504717,1.0,0.8103308758091295,0.5409359964445917,0.22516678177156543
3.0,0.9140239664948973,0.6388470733774276,0.9065248348295835,0.7282862391612005,0.6332510961249399,0.6680408154339822,0.7609285883563833,0.41304205226928015,0.7583909585734793,0.6575379861181164,0.8747990014453645,0.7919706630753304,0.34178135616432953,0.625149881341169,0.8686000652803609,0.3184454649833518,0.9318655918484151,0.4313730864891848,0.6719096845087874,0.5036778595668939,0.7229006692410207,0.44904083736732625,0.0756035080990741,0.4362328777019506,0.4735791593555743,0.3582750550350142,0.9367792366050532,0.7964529574614905,0.40220995107470386,0.7661781007190954,0.6702804850665763,0.5438306682771815,0.4216336269823531,0.7507956252767004,0.4767909590068684,0.9803915131206571,0.7898418331435008,0.8317064507526569,0.3812356983212286,0.9112659594358146,0.3539659034359155,0.5664883766180364,0.693332083546773,0.7852868394701995,0.626617262017941,0.4420901240276708,0.6764398808696374,0.5793138471044096,0.17352365064864136,0.8346794149508489,0.34986614036513863,0.5335338138906975,0.21437808060984287,0.6514929003411097,0.7669328628837135,0.8681369264993273,0.6446602262429171,0.15917984720924416,0.6972641677472923,0.9295301086721931,0.45778834595683604,0.7684046054790505,0.6646777034513949,0.6707789773645703,0.8007345650477505,0.5553452353258375,0.41910088801663437,0.6874857948746887,0.31174901561466645,0.6781780804938213,0.5006851869557467,0.4186478679214601,0.4629066402252236,1.0,0.8348033001776966,0.37750228154818904,0.9204378790588004,0.8413074946874177,0.6464992949258396,0.7327442644162013,0.9793863163957394,0.6758470319756515,0.5327315249028918,0.6456500007133662,0.6514377131372464,0.6344025752676867,0.6597897699027246,0.5598388606061521,0.2074094372781531,0.3551320858393943,0.3630031252420902,1.0,0.44731630989217347,0.7659588166412348,0.29797774143537875,0.6791224618239737,0.8679180394471891,0.6936790770146564,0.24385749297364215,0.7349912948392804,0.6691898257730954,0.7186208493142657,0.18699389839327346,0.6833353062131737,0.6153264795100993,0.6509041304684053,0.32226818042298105,0.28963280003107883,0.9347076284905115,0.4433267841072024,0.7145926023914562,0.72201342685335,0.37295475680148854,0.4150916703015495,0.737225175466878,0.5216109754766751,0.7481963549471548,0.600912559370287,0.6059635717092602,0.6850162902613378,0.6865456573064509,0.8216862300676961,0.22511089949501498,0.4038884494012567,0.6130856830960464,0.4701480137649746,0.8181480806396637,0.7611054026436821,0.5155621269669499,0.631287182874295,0.2112090665066536,0.4350310911296213,0.42096804850944386,0.551481550806552,0.7318195984112532,0.45851092309314645,0.7420100308945149,0.4902258177245723,0.4747745812580692,0.973595090894931,0.4583129283166027,0.5185015325739465,0.590053610041673,0.7690851023939618,0.5566147000730743,0.7160320594979531,0.849014076328692,0.5169527296182356,0.566243489730093,0.6364140521280304,0.5607774957911191,0.43367527448073284,0.8653259687404076,0.4846409945530644,0.4219315008611545,0.416723056328794,0.607716805213635,0.8155246064371875,0.5978224165766398,0.46602591883288397,0.3777336901882203,0.24603565616802664,0.6239283800460669,0.6877449441543901,0.7515779311659673,0.811414135062519,0.508829667026396,0.6726528490994532,0.6688344581411942,0.47111597280360595,0.7596579713050623,0.7220613729341271,0.43380838142498496,0.8513454965533417,1.0,0.8496001555861983,0.5330958344992378,0.38079543103931474,0.4864155751588081,0.783118289740724,0.0794732411572243,0.8661997222767717,0.587824817805479,0.5223700494649121,0.6187982049956843,0.408755729576563,0.542781291203234,0.6884507832720403,0.49067077140253595,0.4480503084161981,0.41695159528796005,0.6540982096490527,0.5760817545025144,0.5582703588776696,0.468822473961907,0.16851185591083515,0.3719044452843224,0.5825518236084332,0.2992493510515477,0.8346003329093032,0.7484505655413612,0.5554152378795812,0.41753844060269263,0.7424615107842791,0.8198550734617364,0.5857850924525381,0.8085724401268429,0.4072699414697303,0.9844836915618724,0.4514033332707042,0.39559053608505623,0.25160391133160936,0.5438762613938313,0.877904709365621,0.7412727637209094,0.5421386276107607,0.09441471991432926,0.6942732825878934,0.5347502514399374,0.7412972030478735,0.3743907312982219,0.7527754808197851,0.8158959802810901,0.19765608517841202,0.8273018974945044,0.4881778668799862,0.33375779811495826,0.7440214627497874,0.431879483160595,0.3988403321892019,0.5141305742505174,0.5311160946357099,0.8860456835060921,0.7254709574393768,0.3306270260638234,0.47058451536575613,0.9344374893550883,0.6432850934591865,0.9138260441821491,0.5496195971741796,0.6464322903407369,0.42404011754016757,0.8408808474785383,0.7117369515010311,0.7443978548004322,0.4475265551909745,0.2483595178777602
3.0,0.7017066101410923,0.6995053683871199,0.5942909946943999,0.8785604003739905,0.6126762059781423,0.6441119067888488,0.18070978227049578,0.7036309818960385,0.8118385956958242,0.5097751899316273,0.4189962471705626,0.3967200178612434,0.5985924523269462,0.3724858321668718,0.6440788953107064,0.36070448808891065,0.206105343749709,0.7683762609899357,0.25696669277254314,0.6448427191231783,0.24612238106060264,0.6587808833136639,0.2681760331766733,0.682383652838784,0.42379823120783194,0.42832186648718207,0.3083718226654326,0.466513680544485,0.6400092246501018,0.38610899906328155,0.6826756613327284,0.15584808116509147,0.44153939020168026,0.6917049722903665,0.0,0.7806509206949125,0.7430002988759283,0.7431837313057806,1.0,0.7038755358553657,0.472847513128151,0.5199795420361186,0.6193482022890459,0.725538188041018,0.5066234165899937,0.3597627777990294,0.3383996592464324,0.2670617451445993,0.469571139860959,0.3645418250294851,0.5990445475527587,0.22357990917375445,0.2568620821050707,0.348338575109931,0.31432612186683573,0.8236733037407865,0.7223521779360307,0.6322339308334074,0.6229775467755612,0.8758885596375943,0.802267626169246,0.5349679384987792,0.594974267583728,0.731797477347201,0.48589624180019225,0.13435326494489377,0.2687918066710232,0.5682248533388212,0.3636952632333139,0.6411116658574297,0.4749013967699637,0.5089520789496321,0.6709952182197771,0.12834969908539956,0.3782211513965692,0.38871836281997446,0.4477166450690155,0.5115612540061295,0.796905944756543,0.855523664095576,0.6717181207863261,1.0,0.5759103411374054,0.2741097983187824,0.8151386558265866,0.621550984092325,0.7417652425926184,0.6228665200498897,0.37597443712804074,0.19771630307012508,0.4702719929279124,0.564875737611486,0.6340356828081225,0.6639024221879146,0.5849000032641246,0.0,0.7498795807514053,0.6446108142383485,0.31011360583007247,0.6475997268663882,0.35690958944773254,0.5100439114173222,0.19879691141930647,0.34905353607917877,0.8009342088044658,0.4173757491601963,0.6855348895941722,0.22652147891951258,0.46102159623575445,0.4329412237013095,0.39735289230299287,0.7259710205233721,0.6216160483363568,0.3344658824940821,0.6748577471000188,0.19914980388768685,0.6474877722379366,0.3934823754954521,0.0759139367035714,0.8432332456626935,0.5282360092738061,0.7144429817090747,0.35047014963415607,0.2709624962639203,0.44606304888771314,0.9128980512611092,0.6467561556068191,0.9625600690377047,0.6109301194274274,0.42365679299002196,0.2549350504057524,0.4027020521848809,0.41786009751131215,0.2646185194338169,0.6139976228231833,0.5613536225191184,0.8246080300882898,0.8383144149419834,0.3671410908138738,0.6808281778974112,0.45272788819663434,0.624207166510323,0.4465275228480821,0.7809038319519653,0.793929427892837,0.6335851689916395,0.6411216588719861,0.7060701170397935,0.707975561371076,0.7237330606565971,0.514288226922632,0.3613072084632179,0.8713098355228597,0.7245972412459707,0.5578048989888196,0.5361488689758932,0.8079478269539789,0.3796726960690494,0.5024173530005385,0.430165597601586,0.37112727825663944,0.13772938062492415,0.584929045126121,0.736998267296066,0.4781350773417514,0.1075133991570005,0.6450166051266691,0.4768675560552423,0.1403311774555596,0.48817056975762296,0.6349359266192723,0.7594202641646155,0.5742307878372246,0.6620041249551132,0.3716988190263272,0.5419557148561343,0.5765177485105974,0.935482197563152,0.6097159048243236,0.5167023917428881,0.31848851706598746,0.48792342391149135,0.5707611405298388,0.11351910337551346,0.5914782720295753,0.7431681244498715,0.5135464914622823,0.7644896971474785,0.6656896181490887,0.5506498849651766,0.6768234849341414,0.8813866504139096,0.5311463907375573,0.5917933165949999,0.6122164854415505,0.6587661769698255,0.505852301682675,0.1861084244479246,0.5375343527511546,0.344640918727423,0.7462789823928632,0.12993573188756202,0.5982483391536421,0.4948267627338509,0.8428343407370875,0.7109510087150827,0.7007126551257671,0.4252717828145141,0.6972365631322504,0.5092164737844844,0.5446639334544112,0.40847332457854363,0.6541327538318435,0.11355116831957765,0.07259408360767448,0.6673114530464788,0.24604673324161283,0.6944491932905863,0.6817981076713953,0.67633830942758,0.6040730209254875,0.2858899855702411,0.685928377369168,0.4203260006211666,0.7377520839894454,0.8034322083347485,0.11619145657609124,0.7847050988525318,0.3236510106692955,0.31166134480163876,0.3631948641466857,0.7584714933299147,0.7064718740807745,0.6544077478864015,0.6826582259971536,0.0,0.5021051629545857,0.5012999407659094,0.9418327600922433,0.5674710882527463,0.48770033590715833,0.25199232363141555,0.5130631031949044,0.6170248827903552,0.2691711342905464,1.0,0.43669853451777174
4.0,0.7460102665806342,0.5976540620316543,0.35389332832784787,0.7069326798408647,0.4624693908112624,0.31741622058550606,0.513549610025954,0.7889534749572569,0.7917853083748952,0.3475959915138449,0.18744174278497944,0.25397077957130537,0.26955946615137144,0.5273283544473985,0.4312708988122801,0.3065762936124236,0.5574406917509679,0.7651883426205635,0.4800669517181215,0.5659921872088756,0.887259698296247,0.8632422243756374,0.7669254343047668,0.8005002399139091,0.6678597763361044,0.5700140919793865,0.3905159615376619,0.8603315801162523,0.4973039244376118,0.6259389689708739,0.6380300376775017,0.6235480169684265,0.43384073589037747,0.580217617070902,0.5200936127638947,0.8461722126379838,0.6004428308065519,0.08335004865975178,0.43500992299822583,0.9074963889034482,0.7299701663502768,0.6239782794190676,0.28925273651021044,0.6039041716440646,0.7710195519423703,0.3104370193094881,0.17218789539334553,0.41436412754657137,0.78886010448825,0.5819879626418935,0.7633691288622404,0.17998332754689766,0.2345670226475468,0.4877738952738063,0.5885886630313462,0.6853265613023783,0.8483272562909647,0.4354559724263902,0.8147217936751616,0.42851064452154247,0.9480072820460703,0.7680519333982816,0.5925308262607867,0.4739744820806731,0.8104398713486695,0.08687953929587519,0.5928529523709049,0.9201352194126066,0.24900467151362804,0.6191085366670589,0.3635506366267322,0.402925595407475,0.9489718675110179,0.4669705943607133,0.5748578507244025,0.7212583908133443,0.38312910274709794,0.559427966968525,0.8362337748053206,0.8463022124266978,0.4378595537930552,0.8734961255463354,0.6617408799977593,0.607617040373175,0.709574792757249,0.4129103503592323,0.7257382873365705,0.7067126600831594,0.6365014792964949,0.6039287919325247,0.2094796782503791,0.35867782776467855,0.3361015538627425,0.8316527310323223,0.48875762725401717,0.5977751400875424,0.8693611777060403,0.778803270453503,0.5444286803177715,0.628151924090517,0.4376037647194744,0.742731565946114,0.4136770013179609,0.3903352593119082,0.6471580613108261,0.7319659649346648,0.6389852121209252,0.63463021045872,0.6363341091324259,0.6764191130555045,0.1939471184763152,0.658529189901767,0.5489998467079128,0.6164860109188459,0.6773863794373626,0.38182693458457123,0.8748908670477369,0.6405146159035452,0.591140594762652,0.7876929279746376,0.1334068324760806,0.6680178323435785,0.17552525016007353,0.4596037523095459,0.5752519665888844,0.32728589949429526,0.8563586400077888,0.7928630219505737,1.0,0.7698751563780108,0.8941287319604407,0.5608385541198216,0.8083080406125343,0.5817873077353347,0.7748833221956174,0.6995659357249561,0.7490322649655972,0.6657278627315629,0.09480107960085696,0.6891155498281919,0.7005292281582982,0.5385051516085094,0.2769442303430873,0.7736738732593824,0.9916930165072257,0.5462100778660195,0.7578939656678216,0.4035270119056843,0.5382684693132397,0.5416547180484161,0.5415571106634297,0.7425220120530768,0.9128535652829209,0.5050383427382463,0.22102667797280218,0.30872846684959293,0.46514095070028216,0.9255746885566257,0.7587516256088354,0.39301565290250906,0.5312625254975013,0.24275854232557512,0.7264962420386745,0.7213039271177221,0.6933214378077011,0.0,0.642525163122493,0.4041750069271274,0.6198909074616993,0.30550491848495676,0.8281609224005277,0.27008636490980503,0.5012619293625357,0.8339591852662945,0.4831895839891053,0.8077328345362152,0.48527199537138954,0.49553322004542233,0.2542379052651429,0.4393085188494247,0.45728134577109697,0.6883633352744841,0.34941520170352763,0.5060399605504479,0.41269471450260176,0.31450909288327705,0.38327009052725,0.41145175720429117,0.7015487976868013,0.5537376965814889,0.6218158338387493,0.7078310385937806,0.44918132677655914,0.6528331378074417,0.6557990826990558,0.6916569457352029,0.5924213156930697,0.5656814741068248,0.19016316531387634,0.5150744152413845,0.7822777872917712,0.5954504280645907,0.7046957832759626,0.8416835353755844,0.9215342498639747,0.5647038781597771,0.6305458760506898,0.663767096220592,0.4719050285965284,0.5020124523474239,0.8507572949298884,0.3202634237461914,0.5616568256011112,0.5421379134347828,0.7198273990875508,0.9111675588157235,0.44694468762450157,0.5932323414138472,0.7890279934440994,0.729584462773439,0.5363008036943278,0.622023532994267,0.8052564795477273,0.754946526863917,0.7673018151494518,0.6286044649056983,0.6769118262190378,0.37436201836305427,0.7344635077489573,0.6623019420636677,0.6006512569904396,0.2200691719867289,0.5936683837484985,0.2335932440674312,0.4286581042799394,0.7042919401418037,0.6475402324522733,0.6085606755712801,0.675183924426747,0.5857010132718007,0.31662673957877624,0.32904753375377704,0.5520323108755634,0.6597915229999294,0.7620898351953884,0.5962835729656245,0.05267765573781626
3.0,0.5730436209353812,0.34382547233972105,0.7496370403948579,0.7362112795503877,0.5892219118183049,0.47938370012094406,0.7548879573004593,0.7741731642434657,0.931885896692195,0.45714897276287575,0.5469448932654732,0.49545338307078873,0.3584225013046637,0.7101538326228158,0.7560376112029694,0.43637241077375216,0.6900908593193327,0.39382596306859186,0.7954066015802205,0.5126508103939712,0.7161976259887962,0.588414604210217,0.1907321606168904,0.38521749110151704,0.26605362124693593,0.15249643528462464,0.6894278715721445,0.30991891877978184,0.7531046353675263,0.6243833915016692,0.7221455422743445,0.49274402090499675,0.3901854301675635,0.4890539634857144,0.5502101277100261,0.7125967856068388,0.7892402435350127,0.42891073577834676,0.5837132823660962,0.7106572005836291,0.8652542343086266,0.0,0.7754551285967414,0.6673143751778713,0.47154968699877436,0.33682384378651553,0.3998176653172524,0.20800618007434435,0.37130804677345036,0.7667122781146257,0.16358793375863043,0.5159285354107069,0.9509196107215704,0.5831593231764663,0.4172794964914206,0.7268558393300111,0.6894261444629537,0.7202967155383336,0.6061759356902521,0.14004038134182922,0.5599237549554161,0.5879225039944718,0.7009823317495244,0.20532437142353263,0.820246828648668,0.11887582478419521,0.152197022682938,0.49341993612460716,0.010451694761378772,0.7400904116623438,0.31732933797117946,0.7531197939556572,0.5803093741866381,0.5672235100111123,0.3261140895209865,0.6448292323964172,0.31540158335631263,0.7408206687385173,0.6916457612549476,0.6533254935577597,0.836717579159208,0.6951687568031873,0.5133499963755178,0.4486665534045706,0.4780187196956544,0.7122584215501371,0.43831670913835946,0.49594069326932705,0.41335757590798,0.4656140778944568,0.38226165922184285,0.3810181196933276,0.4948252231629171,0.8236787162412477,0.32220012179220475,0.5062397605382939,0.6073497733989933,0.5221245650591719,0.6359620964660544,0.5106339432497081,0.0798276454232873,0.36330604217513757,0.45034728464311224,0.5457709651447162,0.8827525199598585,0.3410935077160621,0.5656942372430191,0.2025384398976129,0.6148946579158546,0.3240217633646564,0.407809782706526,0.7233843488240677,0.5972134068392215,0.5807699371243562,0.5691713738539053,0.3626894861876015,0.7313353762728086,0.29659667999357087,0.4550783393976831,0.620234334775556,0.37540111891330125,0.6927618303061023,0.5729076764778583,0.2911748762204538,0.3853521809518921,0.5771977051170134,0.699501365075498,0.6726759345384632,0.4563263487579446,0.6918623321371898,0.627602534288018,0.551576097058335,0.6849482563955346,0.644664631589105,0.6149453670316362,0.48163855613228457,0.7119192240786955,0.7004200940162937,0.5583298443893758,0.9059045388931323,0.46169009717520837,0.42544068519960787,0.2732838845247416,0.8237374727426192,0.7519104825531393,0.472966576557894,0.6563354683597278,0.7597072897099431,0.6836321488614643,0.683232045088685,0.6658338761919507,0.5134676358743988,0.8834017198344217,0.5063624523095557,0.25309910334129054,0.4821459719149103,0.6848781683314568,0.6957725619794587,0.5188762477855546,0.7115244846619044,0.3696416784954575,0.2922942035607993,0.5927933772860317,0.5169814043120986,0.7301334253827421,0.6970293177553144,0.5000443502583704,0.791834686052313,0.6369225491746705,0.48017089397789237,0.7084408384204569,0.6587514331267331,0.49150986795037627,0.7693919384138473,0.25440059176838337,0.5684417150314426,0.7095209038576002,0.4467976643523458,0.1994759113929986,0.5458098730760966,0.07553688875553514,0.7385402345294133,0.6961053569376164,0.4588129014666133,0.5442560468824817,0.5539280167881944,0.5872969597637419,0.5007940593258563,0.2534035143740838,0.4831219025414376,0.6432077786397683,0.5999288451158274,0.6949558248995645,0.7368106510429261,0.5291326021486387,0.6696866067377375,0.2531561496356879,0.542136623411646,0.23850287925085292,0.20651071244207284,0.6179979512276419,0.4286883005917357,0.5661303975285362,0.6638192602044399,0.6082610251654165,0.18962943103323038,0.19512520810069414,0.7017545751295248,0.4440765093553963,0.41902106628460933,0.5258452263577363,0.28195325619469336,0.48964898813799845,0.6728880503108666,0.7146926395495199,0.6362512623983649,0.046370529238028854,0.6469365558989151,0.6272866501754162,0.6357351290071726,0.5019983436102035,0.7031407048011824,0.5120540089599639,0.038157307439743327,0.5338235849043574,0.14718411981939297,0.23845123528915738,0.8602169231278166,0.8955423163360826,0.4704108734989994,0.3583389327265211,0.6456904929348446,0.8581584589037156,0.9184712188663356,0.7162419702066377,0.46389830262522225,0.5480532508946329,0.6563345456277142,0.8314320637109648,0.3429603698638416,0.838603664110002,0.6529681940558492,0.6172461458437901,0.6886330941448836,0.3529205286160631,0.7537452752946799,0.5901122409484573
3.0,0.7017066101410923,0.6041038977270117,0.5788265382414562,0.8004890007224696,0.5364723253123894,0.13207071717372879,0.8310834027532158,1.0,0.8185800315363216,0.35669806162292494,0.6278392712505416,0.3422278938396403,0.688859340648481,0.6208308936782471,0.8147015789593413,0.5603661302696115,0.5410766465952804,0.9458842189244567,0.3100840689252662,0.37497429269869126,0.7244715228159884,0.7711080350477217,0.4328005366346277,0.691666303576775,0.3370702083174467,0.4395909222981539,0.6708167702493889,0.1627003960087445,0.7493531885501247,0.11826681276158671,0.39101792155710946,0.1147090523893367,0.4604434665524587,0.3148723314271717,0.47992709394944255,0.17695337861353477,0.2607996273887712,0.7194074612317451,0.5848403239066441,0.7089742713184749,0.9072583489508096,0.42279994906514196,0.44324979022732963,0.5491821090543382,0.45393825885165806,0.6100844618095524,0.25808585468204237,0.23605632294544387,0.53117441999576,0.654164960081714,0.47766289602689604,0.12555906745474782,0.1867288866058063,0.2866947420873514,0.45907789888330436,0.6610982371260197,1.0,0.6857157684328108,0.8347817257051421,0.8236769215560273,0.6873700798470586,0.5804365925761031,0.33422368788620993,0.5681745476028859,0.7857732200862465,0.6581375698894558,0.44467657937613364,0.6934150114977546,0.19454655019971984,0.6195349656654053,0.3893625038214335,0.6654498694843121,0.6968208975213207,0.6556796232248555,0.4247899111782581,0.34679364291792,0.5448941483117521,0.44857713075461814,0.7874425642448584,0.5672603630989426,0.7707792892594473,0.6169924155443938,0.624474559767781,0.4238067581638628,0.5155866318765221,0.5678419851217318,0.7123397345857135,0.18579248360318604,0.636572023275852,0.5708028579670473,0.39988710687156165,0.59847160309613,0.41715405051438126,0.6663733749655858,0.2786167429447857,0.7179810072000062,0.7477077412084401,0.6720701561256895,0.5784041065749482,0.5008934500989974,0.3287061487929615,0.5399856293239584,0.19047938274284204,0.5905935506315613,0.73998999834492,0.42382673042345953,0.5577503041081622,0.3765335159668633,0.5820933068930073,0.49878950741692923,0.0368236105811896,0.5946407725636238,0.7660518305478684,0.6060545819468227,0.6298400728825393,0.5918557708332922,0.6933548787084483,0.42312445340939103,0.14379907073376305,0.9002785236437122,0.3030083114294021,0.583899740747805,0.5850992648891541,0.3305236315506544,0.5766302694160008,0.0,0.7422399571267985,0.835851026948179,0.7155479400391034,0.5405885613614959,0.5395364442191,0.49312741527309234,0.28422575548690593,0.7270708335082547,0.5846596146727995,0.610134682070992,0.8333345289867286,0.8304679597991605,0.3527202327469649,0.8319862291920535,0.6681428458205327,0.4274562056841413,0.2861007439671148,0.7306719259549685,0.595497427744323,0.6967645376981514,0.521581628879148,0.28456194803543233,0.6584409581283217,0.7731855427434808,0.5854347203447903,0.29112324924495786,0.904149648228946,0.22869852364980678,0.5207891549317507,0.3153716176441697,0.39934223524107343,0.822915738770556,0.30691453824618653,0.1418998230478097,0.6054278119508586,0.24229850723815932,0.36733680319914175,0.4426077262450508,0.7329042256946111,0.5557459553607628,0.3357622477166994,0.541897953499417,0.43073405098715684,0.4152951861257945,0.5837262307229075,0.4171389051508731,0.7952249165066668,0.3777180325280325,0.474735303006404,0.39209235888304655,0.4076763245733814,0.5342430590922107,0.1543042010012346,0.8687713837605477,0.2911720741554416,0.6941866049847866,0.49785096080103564,0.46708659993887197,0.5541199483929167,0.45079671713233593,0.41082561593158146,0.44076332235976445,0.6132380903916189,0.4984097696314968,0.8162753329143857,0.8172663586022484,0.5765294136402684,0.7744068881629097,0.7930247061724298,0.8011327945543765,0.4361927141959521,0.48281902225405227,0.3368166282472387,0.1802520451389356,0.684053612619158,0.439809909063441,0.3710156586512313,0.836209791974479,0.5966970637273052,0.26385209013677774,0.5321945502032127,0.41332192763917214,0.4520548450998085,0.33329453059764585,0.384503368839012,0.31052268922440623,0.9703765711266942,0.5098434968334851,0.6097615756908031,0.7327076039489624,0.26425112086533165,0.294034575379329,0.8646690704493257,0.6185477147507954,0.46387080676205866,0.5677683459469106,0.6828970482789102,0.17767592156771203,0.6007191147536355,0.6115413340620587,0.619025488782713,0.8048681437841547,0.4558703488984829,0.6047509128235828,0.4458153013775551,0.8076675788703958,0.8553191067795048,0.4927219665345475,0.3872850794152383,0.4979703313853535,0.5732563774269855,0.5653295141180696,0.8723026773650183,0.571859015496221,0.47508464876742024,0.4460881960661322,0.7239945403378074,0.7544623787094618,0.5772450101075066,0.3203615076974538,0.5526665678389174
2.0,0.4290062692172311,0.702292047354529,0.800079834160513,0.7857066499316815,0.36722232098603647,0.4746825457304429,0.2735433701781965,0.0,0.826788772505226,0.15924222196824656,0.5815354208825294,0.42591751571460207,0.28739415473964197,0.3342211698682304,0.1861093306858215,0.3441039981372154,0.051906409018419,0.45879361299583643,0.8978962728283779,0.5414390954927757,0.0,0.24655604783411347,0.0,0.3721056504794778,0.16027843437484818,0.38215145945058554,0.5110505712927331,0.5116248096036288,0.6889159488882252,0.6087814238927121,0.6994704647207278,0.5080769044861193,0.2293018488792459,0.5384952687862613,0.6728322669924319,0.0,0.8142312570065181,0.38062533108727686,0.48977161053121887,0.7472535022569946,0.3387125618876621,0.6696118253886413,0.5120807535647313,1.0,0.5792302766623683,0.12148086813412608,0.35340813128024046,0.2643936046910555,0.3996905930967946,0.27273201360456606,0.346770977358766,0.7050111706812126,0.2302456606412103,0.2597015214555085,0.46520948300348597,0.673954951209585,0.42988236469048297,0.01362933070389255,0.06878522971296258,0.424852220675522,0.7873007240607667,0.4707705848774579,0.5713069049458096,0.6176427461395381,0.9426340396356765,0.12086556798027812,0.20253787903996176,0.787038434141313,0.9869499029528053,0.609973155014379,0.6448329433155655,0.6105660227774579,0.27165816316353203,0.5127314685293987,0.11738793178936703,0.3548181115715389,0.7500288074250477,0.7576068330793325,0.9226018291007585,0.7090310613525971,0.8593960569339999,0.7239453451585325,0.4466164762541217,0.6240306821097071,0.600155338148616,0.08203002387554369,0.4901868370246742,0.3944548429617294,0.6100089415924717,0.49034684916962856,0.5183925928560711,0.4817765078587472,0.8273488968150792,0.7931038354383703,0.6563876092736032,0.39935167850809133,0.7570050103506868,0.521458287015245,0.49122817655684087,0.9470138617251592,0.2393018904498362,0.6099672338349347,0.07122281495925885,0.7231349915750372,0.744561337830101,0.337652009631056,0.630747758246844,0.13482168937749145,0.5577425109836991,0.6810532016200326,0.8649118026906486,0.6339574475692589,0.28777439377002595,0.43178274265510014,0.6886130098514176,0.3838902337950969,0.7177070314529552,0.7840443647965077,0.6207266460756962,0.9634051160466959,0.3779828370368784,0.741066281556792,0.6648918133990344,0.47070821539228386,0.06248769373783364,0.5758480395043034,0.8778049317054355,0.6455986930415715,0.5177769671788015,0.6525911421452164,0.2243501052023953,0.0,0.46555252727964785,0.21392955666491778,0.6168332701025929,0.0,0.20381801937304944,0.7514651553107695,1.0,0.6512516486895119,0.3041222479427445,1.0,0.3610101542011861,0.9176112526975296,0.6153139566881634,0.5223206372426201,0.6445236093305361,0.23441899742214425,0.770234929997047,0.3919333871303804,0.8543236050133117,0.8537794464660158,0.2686757669361722,0.5284509813948363,0.18202946374473583,0.560747307387851,0.3981811875112769,0.6391131809860783,0.3363595987694252,0.643230211615126,0.0,0.5349706052876663,0.7328944345361396,0.815396319031605,0.9413770370206115,0.6770130562477925,0.6540161814244502,0.45184088971892894,0.36821468652920164,0.41701026993210305,0.7509103424593095,0.7121613701984721,0.8663574675032419,0.7416246665884051,0.510878145160266,0.44329702380524955,0.5476199227176308,0.29983767994808164,1.0,0.6996762396657508,0.1558313799125551,0.7159359913834299,0.4632588500557538,0.29768252302151915,0.5160440409936841,0.7285700299488104,0.3381591522828494,0.8349964273553391,0.8843995008654063,0.0,0.4676857097503333,0.39571453762517034,0.5398558055991758,0.48983351559752686,0.5653921310470658,0.20311473357686813,0.5215162650297024,0.5637827272588769,0.26895578079762855,0.3662195443317954,0.5869878466496138,0.2909376322770097,0.6268310995996512,0.3586167815648609,0.6353337535926367,0.41116374792378474,0.5805183315182963,0.6189659838484485,0.6942622789112888,0.4150946792057858,0.6026097138167223,1.0,0.15039125690703467,0.7655877675935004,0.5649234215883179,0.16628345682876183,0.17098185025993362,0.5839898490041678,0.0,0.6227647569048786,0.6687858224391177,0.7411419535385051,0.7451930634504111,0.2830014837284465,0.4206371051540752,0.45212968346020704,0.45527170929143557,0.8679363869872259,0.8118686966858143,0.7406399373830663,0.6182251102692283,0.671901459399871,0.5913933272542311,0.48596278465049664,0.15878463862535186,0.5587305135023036,1.0,0.6220134980117823,0.9001535867705679,0.2656565907636686,0.5579422437235535,0.6607509289679041,0.940939842341476,0.701893112467737,0.6712173749188084,0.9312633984271734,0.6481173079402448
3.0,0.6692708689327382,0.7151055522986247,0.4966471101880368,0.8784046133743977,0.15587111372210474,0.5407170412046901,0.6872909180101695,0.6108714528814444,0.8810285916921646,0.3344714062195098,0.3343965020457309,0.4819105970297647,0.2670947977636517,0.5998696041138448,0.6161636185210808,0.40469075844432295,0.6128171753466288,0.7217619431699029,0.39747262695530794,0.6508598966786407,0.17542095648436992,0.7427483588813958,0.8613857210883306,0.6460892620045181,0.37317575332493,0.5918548878271241,0.26311009291868004,0.38191217890204615,0.617215228056871,0.6974015381467912,0.7413377337249885,0.7060663750872765,0.46388231672235497,0.5707233683827482,0.41150034419650533,0.8539385287499853,0.7348755550988192,0.5996271625934276,0.2763233757030933,0.8507605553388543,0.616788041169853,0.6979861410681895,0.6551468098792683,0.4648532806574402,0.6797729624909032,0.5626388294254858,0.5323611480954394,0.21976848531528798,0.9611359205322274,0.7531849791850882,0.5920290714916537,0.9083874467830282,0.22805109993896241,0.4758340427860645,0.5835129815417511,0.27419952168906536,0.762274900405306,0.39313160075158865,0.7984985410514912,0.5316526556545836,0.9521982404707632,0.9745000919963248,0.8073063155328583,0.8303944128134988,0.755590581382048,0.275199515543573,0.2704105549658776,0.6288113103563693,0.13079347505115677,0.9558322496302886,0.47808157884486263,0.5474875033341183,0.9124041466018589,0.7055463680226061,0.6306337197270484,0.791711420966083,0.5597709390887489,0.9093674411713274,0.8941648341227996,0.8505002150088282,0.8650985611347607,0.8238682303364858,0.5155590233161983,1.0,0.6234316960390613,0.47811241432528706,0.9768469950031526,0.6984095808974858,0.640150150959289,0.3063119756886411,0.2586913690815862,0.4749108512641485,0.1373144708711193,0.14079400815581433,0.668225495595238,0.6657606894515395,0.7813114230617718,0.8940197713369136,0.6667039698118801,0.7536432517768126,0.35514272156163884,0.4700691165754779,0.05969703481079059,0.6518256393274402,0.8162442719222212,0.7107352643958209,0.7538561527011967,0.36202282019791304,0.7583072697596911,0.732611885776741,0.5157488423142542,0.6501597534421287,0.3466803375995689,0.5789281772455199,0.7150610336599896,0.43295582403139155,0.8273486399204928,0.7748087138328182,0.7590795470324528,0.7339466881305692,0.0,0.9341964044777683,1.0,0.43740321737638543,0.48812303071308594,0.5677962845212038,0.8080427499319326,0.9685101660583305,0.5097939666479163,0.19552958067547516,0.6138912975079525,0.5171965294236502,0.4686507342558632,0.045783133898341065,0.7064461944870574,0.5572349583419134,0.9541317407918948,0.6427251794488027,0.4569461625858002,0.7578612467254694,0.6541849252538866,0.5250820440520741,0.4668372611291984,0.93208418760121,0.6048539520813411,0.5943659003653708,0.8670056702852409,0.7303614689503256,0.791555844361292,0.4370948065736316,0.7633813792295494,0.7949429415718853,0.8833185119639847,0.85450685656652,0.19828491593214168,0.4585885240505906,0.4730307300294257,0.42615223938420327,0.8203448694783031,0.4391262585795883,0.6835607540537404,0.3461260303915041,1.0,0.6619255888835057,0.9112482078819387,0.9083917393279682,0.7534714976792589,0.17067245054834582,0.8596045477451087,0.40020547277668467,0.6975725225609537,0.21902634582914057,0.4814326785835189,1.0,0.4476826230190491,0.7943014673767804,0.5962733248988173,0.7001180772620083,0.3995653814018307,0.6054774759375774,0.18025125283871485,0.5199318562000431,0.617243137084817,0.5937803050878169,0.8170240152875654,0.6976154131508573,0.5904670736435309,0.5648901018323018,0.7801710011402132,0.846440118971687,0.37000614035126345,0.6948126619199599,0.4741974158167406,0.709397582188033,0.9212898509496121,0.7163187017623462,0.32854382216760997,0.6270648946775266,0.18165596556247815,0.47737242208054387,0.645338921744375,0.5715338263490007,0.7950623057550487,0.888917032262965,0.7210315882018569,0.6744134286114323,0.5020468575982744,0.8086968594330991,0.79471776737664,0.5510784898030355,0.6256423838273522,0.2408923909381298,0.7669899667527531,0.618885223786368,0.6911963018301394,0.6845085269565192,0.43897267499623277,0.6155768513218035,0.601923176065833,0.8074481392643373,0.9652656089311064,0.2945312167614312,0.8508191143627443,0.41708906241781385,0.6711585790584378,0.8127687837932002,0.6239218678167688,0.7114060538102867,0.41219684146422114,0.7230191819427563,0.0725656688631749,0.7664071046482926,0.6524782892935117,0.5562397045555676,0.4548736187433479,0.5889504936917799,0.6081371352105058,0.7438594961852172,0.5176934973380982,0.6588581493692771,0.20341669009109958,0.856236242047065,0.7628977447929184,0.3090671349451396,0.9155345147176359,0.5652753457349247,0.31087447380099104
1.0,0.38818775550712753,0.8812269424573707,0.38212426559902113,0.790701303639221,0.596333304202736,0.3230461769714715,0.1973523260107852,0.7652083120986478,0.6327556751778884,0.33326323776700256,0.25431247464610046,0.25773696113478684,0.35389669181894406,0.20873910367476853,0.31245202884096057,0.20284338438325342,0.15407303328145514,0.8874641008326272,0.36213439083446713,0.5188691285736021,0.8287651998294708,0.9507056049820355,0.6902152431397375,0.9797099992126128,0.9460440304838355,0.7548771167441062,0.44252961829349435,0.5308751961020538,0.5059162203743339,0.722892765588548,0.5558378259841175,0.9079744609065311,0.46356369910345163,0.4911050710238788,0.5983535976256862,0.5275737971523589,0.18757770592615738,0.29089870126361006,0.6137936562243763,0.6313329943338978,0.6113988432358675,0.19730473085076333,0.2623760996817844,0.6377537834052748,0.7308938847678484,0.11628017911316041,0.21995651398767174,0.2775552443447346,0.8560072053346635,0.13329971630239237,0.9362925377352794,0.5372995138811113,0.4492812358588359,0.3062659762119059,0.0976689771176441,0.7375756271951859,0.8153483586548228,0.8538191602892687,0.9824357015838437,0.6752578066965325,0.5332499568373761,0.7484412488699069,0.5668327384425256,0.1564997284055612,0.9118436221134232,0.07279288895306948,0.8587052895737426,0.7079102317811654,0.16137548363468454,0.4393734117626009,0.5329673505006132,0.052284355532179604,0.721791693230815,0.4818198698545937,0.34201890420349845,0.8409175573012899,0.28712420433878405,0.34109826546540456,0.734512845852425,0.5527035283767783,0.0,0.44759582823832567,0.5249685869026692,0.36350563383887263,0.5891959830369589,0.5110621162284522,0.5825150508904717,0.29287237046791287,0.8235488918446402,0.9484805799971555,0.529697534089562,0.7023167045667468,0.4314915737883924,0.11429028074508632,0.40804632419669945,0.3951041757326864,0.6055852926614755,0.6615231726408201,0.6193863219019475,0.7635391050861038,0.5398816357693551,0.5756465387145022,0.2613603078368183,0.23892380876388633,0.08408630919888069,0.46842654146444995,0.6549775246095131,0.41939601770924967,0.5820933068930073,0.5823889316067269,0.2711833668075761,0.6236567596343489,0.6049780607257087,0.46688240741273446,0.573825332801278,0.311481115156981,0.7381380219480318,0.6251269663073862,0.12453699189297027,0.6111099699179091,0.41364282751961473,0.7394558747553318,0.2047712834598584,0.1781552609713134,0.336687502234459,0.5729996685291057,0.7324288999105205,0.6203323385220673,0.8095522326026686,0.44895863711528283,0.2970356100504862,0.8474345577268935,0.8348877003982339,0.8779293029057145,0.7228655420391534,0.6401328510410889,0.6215790894316197,0.5407599203504043,0.21108883880515666,0.6777839410845324,0.8134913904032214,0.6914291720428968,0.4895757281717058,0.21594376177387686,0.25694668236534446,0.7037716629420157,0.6133698370887379,0.43830374426560925,0.673291190442218,0.18277256655254281,0.6538908794554087,0.615315489405973,0.7845993405301851,0.18756408296277619,0.40482557593052565,0.3285030650559175,0.4408593318442911,0.7366079927665597,0.5899318409343499,0.42438036580555966,0.43580692168964413,0.06558406302319335,0.3903163769598946,0.4650659170354967,0.5014910902790527,0.7601248624326387,0.41696226640369455,0.5181739296587441,0.7461851923261591,0.2566502194430589,0.6162155181697291,0.1483296947354395,0.4228148903964155,0.18055833888744616,0.2861020898565399,0.48567838814146563,0.3052488497151706,0.612160927090044,0.121258769255624,0.7877384428297914,0.8862081074639635,0.8537558024256302,0.3085594649508793,0.5803564467764579,0.2798075064925325,0.10723210002178331,0.42457524247726675,0.3325376417446587,0.44302914782299413,0.48964759686763,0.9227279942486115,0.38923502649626834,0.34074908561073824,0.8091809280910325,0.6436860394066921,0.5146482829830625,1.0,0.3913891856960343,0.1693640194704139,0.4812182336913872,0.6271132301220274,0.4369244903922846,0.4260957593893268,0.2647555842760378,0.5147829873006939,0.3921462602229891,0.9529163643014061,0.43972170417559403,0.7057346738488524,0.14700663625907595,0.2617710065697253,0.2617698759501084,0.6020430363553977,0.6576121917121374,0.8520270510091202,0.7539050567185724,0.8185669816517376,0.3651840914569857,0.6765760048154861,0.43286335807108434,0.17297730701652353,0.1975789279816109,0.8034664532396849,0.908739485022124,0.5554254483438129,0.6239123813531259,0.7784788950633187,0.821811480915285,0.22513744911184908,0.2826857296795497,0.40525036039154133,0.8737712611650381,0.48762408109080274,0.175285894003131,0.0,0.6024886459242736,0.4440312822785748,0.3062815957330893,0.8658464329063809,0.40099399384082746,0.463098118571405,0.2383479774907521,0.10082454711880004,0.8221553744956784,0.5339274624743167,0.0,0.31955195648206103
4.0,0.6305159479923101,0.47449879069634643,0.5734304022699902,0.8836642099285535,0.4651777674021516,0.4259507168335175,0.6121675185297443,0.6788640561935836,0.7395197102181458,0.32377849387362845,0.3971951523822984,0.2155556942917818,0.35931909234667503,0.20202566700348237,0.8345482897968153,0.5704909260906029,0.6950393890441396,0.8760415230823334,0.42216412035096407,0.48173640000705453,0.7522253619034719,0.8532137441440542,0.7227405891835254,0.7736784680958783,0.6033392134518196,0.5601968086257985,0.4329065251985957,0.6058267183475907,0.4771606559132715,0.06660441492086557,0.5985309738734489,0.5887465606202615,0.42458871012866967,0.7212506034421944,0.7514960027118974,0.8604298873793409,0.551924867627466,0.2975043405817272,0.36240601121564253,0.6628254678770156,0.7412593032194089,0.5660040246617832,0.42833431915718934,0.5444239062875948,0.6292193886922138,0.29091831588577016,0.2827291904265546,0.17510050349034453,0.6590367657238029,0.8512078821861598,0.6463066947230104,0.7712598737095856,0.2644152826933337,0.5015188594463273,0.5851504240121643,0.7239864125751511,0.9109979662740603,0.6216695300855242,0.8765169021053807,0.8034700371578927,0.7725259053368546,0.6166828154347782,0.6257804034298766,0.44311662474809754,0.5525352878158586,0.5696920410195746,0.720548590669796,0.6163060390615334,0.21101422941861905,0.7725202099968489,0.4305818428277093,0.2753587330689312,0.7602852612026686,0.6413268830729035,0.6771001844790131,0.7094325358519646,0.47413231844363785,0.8188168230520646,0.802720088564354,0.6930545734601025,0.5693234730187103,0.47552143218190096,0.6002045042509145,0.5933575268121744,0.7280148960267319,0.44320618973992765,0.7387757778019545,0.6779196163748353,0.4955311465906267,0.46549087488407703,0.07512237182944277,0.2406153731225072,0.21491310461714003,0.7061498608731105,0.6449987311435156,0.6176528400587763,0.782281739438783,0.7436258304035022,0.5738525130900791,0.62707613646961,0.4231169942737867,0.5588374755590791,0.27085726307702834,0.6022096106702656,0.5844257144957077,0.6630483961882923,0.6156945331512433,0.6056170953267808,0.5227146521191187,0.5923952905465246,0.6405492501821143,0.08392788999604908,0.45763263270087173,0.7369981192163949,0.7625777236511435,0.3859414597989561,0.5927918116914551,0.7419425275042529,0.818042056520256,0.752435470707077,0.19956513216947155,0.7726014612449021,0.5897852052550382,0.4516720982107805,0.4429407022587863,0.5259819106958076,0.7422399571267985,0.47933384601841467,0.7569978192424313,0.5938410573763716,0.6990629622903485,0.49557176712132095,0.5304411980155973,0.5750353098910856,0.7338541179364662,0.6998882206421317,0.760686615511379,0.6270478828182632,0.2563473735943577,0.7220266524791987,0.7112974207229094,0.4104389414905228,0.16883352827510884,0.8681101219919433,0.8483303279327064,0.6917153242659783,0.7379624797998999,0.5859873358874018,0.43470548480911986,0.4863150486841466,0.6583280024134867,0.9537404470842779,0.8673077306594339,0.5988478770893583,0.44740766886041755,0.4118041784436352,0.350138410093551,0.8519963624461453,0.7002602551601316,0.5831344182994662,0.4873107330881349,0.1721769722890459,0.4928608649909275,0.6570529599704018,0.650280542441832,0.8341124688194486,0.36316478937380137,0.3422880894003323,0.6532166547851401,0.2995325370999218,0.6438294605659539,0.14625047943747274,0.14520885276488596,0.9156940854623311,0.4862938015863593,0.6597289234408868,0.6030102482312053,0.5394371367376373,0.1325708266656832,0.8432750514260757,0.47086528328988453,0.6698753181289979,0.5579195625400752,0.5655621979967854,0.6317437998331733,0.2310762220069409,0.5609787905666591,0.409061687119576,0.7349170834991121,0.5563821610558299,0.7162279523060743,0.7176964842685437,0.4580721464434553,0.6058491606499264,0.5958653394836202,0.6240091951075577,0.5758139032488659,0.7407867498920927,0.7189973884458765,0.4242555203383142,0.762997160825927,0.7230537080595537,0.44026193123387664,0.8671413113002653,0.7788309521915389,0.6518796435747346,0.7311667742685254,0.5872611374800514,0.70627472084434,0.6336532894537582,0.841750010349244,0.3170690283190231,0.31422375673241504,0.15204197271566508,0.5836104467863955,1.0,0.442040327665055,0.6396848698386605,0.8780351564650699,0.49417869862992947,0.6581942002223271,0.30608535779396506,0.6745614757215174,0.721056577488616,0.7972412937281329,0.8447528269237587,0.9904744330491158,0.3479153795613189,0.2554561159523448,0.6553159265598462,0.28858761675819933,0.6212074296655161,0.6953354263782818,0.44429660554373535,0.7346247534560346,0.8680874507609476,0.4050122794348065,0.6312647767310916,0.5897435824448642,0.6014815565354561,0.5589727131011771,0.49291368267645935,0.5015494116991871,0.7024485326666395,0.8483182941649536,0.5884393751231688,0.15538031338000968
4.0,0.36770127304609157,0.536048138657043,0.8091858180999565,0.407924588641965,0.7867266772972518,0.4087542775862584,0.760598732442363,0.912382546061163,0.8663743726768851,0.365784959771537,0.14989381857898146,0.30398766038472763,0.14730689748547587,0.47800599539634286,0.6482472140959104,0.8215145484673845,0.262487477692171,0.8905490293137244,0.5008701890412394,0.8757504784048035,0.6074238073012447,0.900093800962542,0.06635608726986349,0.36779662041259664,0.5646426044807633,0.24561233236272495,0.6189546650843684,0.7389459755653612,0.7097229233151723,0.5962018855670345,0.3623822916850154,0.6825132649720492,0.8770848100193602,0.6764535476904576,0.36586601007822633,0.5400065838139657,0.605147335856106,0.31112259837631795,0.3468365303371893,0.7599960761482146,0.8214668310403954,0.47134091323883165,0.5582227356584848,0.7305132716856969,0.6588706931383644,0.20895829132501487,0.3814823924174328,0.21187276012003095,0.8717948140847378,0.7990234198342698,0.830709556043386,0.562324047974661,0.2302456606412103,0.7585544370583889,0.34990665535832566,0.5833855154319079,0.8001455626250736,0.5288446528535664,0.7808626106009477,0.5322659324917492,0.7838822664365883,0.8033194392868725,0.8397567754702988,0.438608576965602,0.6083230744607702,0.5304573132237866,0.07085129114408603,0.5675201508821611,0.23471179135446177,0.6395494812754788,0.5502569191407269,0.6989103595266344,0.5492245105378305,0.55063745377316,0.7284925339238397,0.6042336275612455,0.5195292757075355,0.4855606821896892,0.8913925358539428,0.8731437378020577,0.7519072813318767,0.7260420099834318,0.40453518306031705,0.8510803748385987,0.6053960651530995,0.5440100433648388,0.6655640360224643,0.5331259685153807,0.5558145181548106,0.17245176369533946,0.2959577070839465,0.3678361515228417,0.39004739535581023,0.7978236335434067,0.49182551072146674,0.06922282440379868,0.6331542983908818,0.6568065492119483,0.6035346159935636,0.9765514102534453,0.34808044550425454,0.5887847725621925,0.5103097180563783,0.4435718617891691,0.7728811592188749,0.5094200520854979,0.4080252643209799,0.275958513756245,0.6285471200788887,0.5382243270929985,0.5983151411617633,0.7555474435801032,0.6631038907011227,0.6957966492587444,0.8374315764245827,0.19352958693188607,0.6993554621332896,0.7302375771233295,0.43581433290670707,0.5508668568666384,0.2785977946645172,0.6683110799625948,0.18423281828620297,0.4924447482563037,0.9386028331718482,0.6170374347633221,0.7456463237292154,0.5010664860500864,0.14059769385301957,0.4054148255882023,0.525988949259106,0.4213772402778796,0.44213988987978725,0.6115097743012761,0.5829369306263683,0.7855910582883557,0.7543060636162696,0.6520792778614447,0.4111190661605943,0.808344811204143,0.5888749918466728,0.6409155300533869,0.4906145255555436,0.7699437718780936,0.6677389014091657,0.32921743662822656,0.6871782582104704,0.6395486177654983,0.75227092217011,0.4384862241769678,0.509040518083383,0.5849119017466212,0.8339387845450937,0.5294398318638829,0.3383070880912742,0.5440765583840391,0.09531374355009005,0.8490516316198993,0.6571327397945845,0.5506008218868055,0.26147644051333163,0.3002892270551093,0.8049065287600334,0.6452476136153604,0.5265139753403086,0.8186354809382528,0.5117383240987358,0.6408541588438034,0.651511849825784,0.2988871947045025,0.7343978656684064,0.2743359726916347,0.4875192134691988,0.7766185200001902,0.9969915658329089,0.743806481570997,0.6151459118136944,0.5313711396069846,0.35977613278342285,0.6719175470380176,0.3603892301554718,0.6668773148009047,0.39313952398573876,0.6124437170260508,0.6696612983849198,0.4583564663264015,0.9187741738200654,0.48752330889329126,0.8761970214786902,0.43655557817784274,0.42513896848294674,0.8669083750443142,0.4091516400414522,0.7752360504313023,0.6344870686677736,0.7839283648524504,0.41365294356270504,0.5754722582137621,0.44028276008415357,0.7067868327058945,1.0,0.9439278153920415,0.633282213756607,0.5736144700791401,0.7494187770978665,0.4330097635165832,0.4210915962706815,0.39787316020840185,0.3473629337685566,0.6098152552934174,0.5107730288856679,0.3987325900567585,0.7145415191986124,0.7715999260518622,0.29083545185059484,0.6628433101365159,0.1958465683948006,0.4263839594531168,0.7207728765410423,0.5829439882147925,0.625813819242622,0.606555391182683,0.7012498158734806,0.7865388956586425,0.7229927583708909,0.8145610063889963,0.35264367605574226,0.9549061191586278,0.31474213396622974,0.2784705985190436,0.4508271545756002,0.4246860806981777,0.7364791689940455,0.783479003778857,0.3418951759385862,0.527362100357854,0.5281394428548136,0.4744323869526582,0.7945713718110442,0.6697224916128511,0.6309804644483507,0.3247545915872449,0.643526804717926,0.7500743473164,0.6883828408051951,0.5330663248219814,0.2642518554342331
2.0,0.382404215518157,0.7059934200421496,0.4291985309216258,0.7084292007655947,0.7214844314570791,0.2037276489459906,0.8016758429916552,0.7952111506249827,0.775566854371605,0.10307044431056886,0.06928420553451406,0.12062479996544874,0.6871665660636299,0.49518241494547144,0.664033309715667,0.7250756013466398,0.3900821628116904,0.8355021312681422,0.3991372464101751,0.9675425015428116,0.7144131817207326,0.8521340585360851,0.32917895551404164,0.6564600583670999,0.393046126985523,0.47255913079553014,0.6676298855226768,0.2461478692997087,0.893408757623624,0.3710698878701549,0.4070237355164438,0.4470667552733932,0.8583196437958087,0.4768273497503708,0.8007326282776128,0.48122741820579945,0.8608703594942398,0.47615792320081984,0.8011235330757972,0.7433063407407805,0.9034573227370609,0.7887329413342574,0.48614390553940035,0.5762228980789472,0.6253080669802626,0.39844682595364617,0.16875989850821918,0.12821671134555598,0.506785363278394,0.17960708763035932,0.5443683843108053,0.12555906745474782,0.178509063194087,0.6558933836852617,0.3043767590682275,0.6429218783000326,0.852451582658314,0.7173149607544839,0.5699132117418535,0.4997057343322194,0.01724200680712656,0.6316070285740233,0.730759625302799,0.5481344066943172,0.6503336519767184,0.03350354223918701,0.25146586073520893,0.27287267900415174,0.34914129468742766,0.6961526541868723,0.3449860984591361,0.3456261269775775,0.7066023664911661,0.46496167979054215,0.2823625225342524,0.52229316309635,0.4692966232341837,0.479495933673647,0.8203610842817719,0.5554736592755614,0.6701388963029867,0.6670863824399662,0.44751471369630175,0.0321225192539165,0.7176908827941024,0.5980552369337652,0.7669088410935714,0.4932864882800368,0.46596113360433106,0.49034684916962856,0.48231383915328296,0.6197264872706398,0.36042574975911906,0.6744603992044979,0.2412226675428843,0.5593064824967873,0.10457602270114119,0.6228700863167462,0.5760974262557924,0.4871222911393162,0.7672247577695441,0.48381458830029384,0.4957902477639127,0.4317435784347505,0.8039062585630987,0.46975902153728694,0.5385531194493264,0.3382816688445591,0.7353731434609346,0.1915566936170063,0.6838457723880267,0.7502468181531148,1.0,0.4138605542724388,0.6200586164088094,0.6911658424280036,0.6472666984042291,0.5424520140797963,0.3127512385241151,0.6895517214751691,0.4715567549193748,0.6632637955187209,0.21169238869858703,0.26534004590532706,0.5198906169897596,0.46840956373629866,0.751139077185834,0.5331605064660275,0.6747343359055942,0.5547761148093165,0.6297578057656985,0.2653631661795105,0.4443758946706057,0.6945621658176722,0.6905036042060061,0.6598759063752845,0.7275150950676681,0.8086554415695071,0.3268454570086932,0.8005624980286528,0.5844181198722035,0.47650699856855483,0.24766845077536204,0.7389170938221689,0.5781580582096437,0.5214823080541995,0.5211500480646422,0.5972844008257139,0.6270124249153577,0.8994670834816089,0.8235429133073707,0.6032146069783517,0.7947126051562414,0.6247130512820024,0.20607230568684287,0.40317722634370634,0.4336517207554371,0.202469789793273,0.3805261291212238,0.37699374533266744,0.3580597202335967,0.2582260943315055,0.620321935729667,0.10320759358763615,0.6920507207917533,0.8229132417173579,0.4849279678615687,0.7722243402498797,0.5490401473870414,0.3206715837987002,0.7329031086998645,0.6369879562252618,0.9085808415586044,0.4759588877173003,0.37480891594999244,0.4705331475540886,0.5914496680001254,0.46344871722939157,0.5026101551937583,0.6197921628279126,0.41812158602524196,0.8040660718288687,0.7090267508939854,0.4623533484366921,0.7424328191942431,0.5876082135996906,0.5301583943836508,0.8702920705252583,0.6841138663161243,0.4634948178853347,0.7603652604575786,0.8443172463353009,0.4789778832327517,0.42749382861167223,0.6759467329157112,0.744599519971589,0.46959375198520026,0.5352907141349543,0.3442627362225807,0.47737242208054387,0.9568906695346402,0.3463948518476224,0.4668702339761124,0.7081099756291221,0.6483863691198406,0.6005211406102854,0.6624567687558846,0.48662519138379334,0.7954459147397004,0.48824794200464733,0.33863350491794975,0.21933295016439855,0.9439243213028415,0.7543471626233745,0.18695444189072724,0.7085024526537852,0.4795395957766467,0.505343885599283,0.7211251892008365,0.666071986198101,0.32594920352811546,0.34199140293862723,0.7107172468559871,0.2618155064256522,0.7648497717478013,0.49624298008215934,0.70877446760801,0.8823015911284225,0.5571180505626959,0.4555845711768309,0.49418107802804195,0.6522874832473186,0.7059939654670414,0.32508543830530423,0.31581409171573777,0.4965170423150806,0.8427737459008031,0.22799500188884034,0.872206500895426,0.46927236635219555,0.5919752413095002,0.3878921042118943,0.40144911665363303,0.5654017435895317,0.5738563395215412,0.5578462299060639,0.2879387101741422
1.0,0.5772826402276167,0.8221916878455309,0.45928425493200653,0.8004890007224696,0.6039199836185316,0.15703684197865606,0.1369072817706653,0.7608403941858227,0.6769213479324453,0.3312439521851516,0.14136434730049274,0.2495070994363122,0.34836899540670846,0.1867280797556176,0.6135337163734529,0.0,0.2651946590045606,0.8295953895654298,0.26634904595598263,0.4110228592453933,0.9356234390504573,0.9506029287357048,0.7148264961677578,0.9145721041329589,0.9599532143563195,0.8815999517150888,0.5414832818222276,0.6594630654503113,0.44866513616676046,0.7242486752269488,0.411030975057657,0.8994954781303341,0.4623434834709861,0.7108469177609453,0.7138173643335438,0.4757304890199144,0.5389738983049818,0.3166855103425819,0.7509044160371321,0.6351173026406202,0.5760635576610279,0.6379215950370273,0.3538796601456641,0.6387239269441978,0.4657882748030247,0.1495887187248822,0.07420715267182107,0.3590052187052318,0.9868892139306522,0.15752026523552276,0.9231378284353658,0.1754522104994334,0.6090095054173392,0.3491733735058825,0.20142620896229435,0.8115934235805917,0.8959096223248563,0.8862552676205548,0.845714262501018,0.4552618330594061,0.2431632606321809,0.6676206932595057,0.44588624966447127,0.3295205843269681,0.7686214760893711,0.1756023989231539,0.9143120905551009,0.7660532648381191,0.3014949071720851,0.595815406383226,0.4536058082625659,0.25882960242465697,0.8207325879598882,0.4931669690180152,0.5923456787787985,0.8012333564504142,0.3547904384107558,0.5131012280012843,0.6983153481642389,0.6878040927486774,0.11219868110674949,0.53537042644144,0.4824325181916125,0.43332054044913043,0.602610565800026,0.5210894868554223,0.4731782790495432,0.6325529559834856,0.8934998714124819,0.9262088678787415,0.4755469019684857,0.8142897192832361,0.481208579419674,0.0,0.09255010898084125,0.5827206405018763,0.7134464701531018,0.5866539728454261,0.7329575330167031,0.5672830783248431,0.6030529577666434,0.5898231024081573,0.49343379341659,0.4737648566896166,0.5249800560153101,0.6523917411299806,0.7476707404662971,0.5985053992481972,0.5636443803372129,0.6758377314671814,0.3414217180964601,0.4485346565154786,0.6961268768463867,0.63502030138422,0.5699499807259683,0.3043267132888688,0.6071219586566241,0.5760304469873224,0.22406524361251595,0.7276541065185783,0.40223179946350407,0.592794018266565,0.2069164664492329,0.30342986624209567,0.34642007712534584,0.3071256003791444,0.48622718673858845,0.6028201321392592,0.8180199222877518,0.7265904720691554,0.6432045465485793,0.888860525889865,0.9521494020650341,0.8623287294223001,0.7003038668522673,0.5679264161896314,0.4602756325422343,0.494226741213157,0.0,0.6710544740844888,0.9173652829785534,0.6808013345095252,0.3008107894460638,0.6342298720999865,0.5950992746278915,0.6135215570934148,0.0,0.17663490706194876,0.7331181062070258,0.3924068196022872,0.5485931557966788,0.7848149226951465,0.725346512504106,0.21423474651053825,0.5768533724037317,0.4263524152535522,0.13008541771300586,0.8490516316198993,0.5916350810028943,0.49051537641675,0.45658165626126634,0.13643706668781147,0.29155779202810045,0.5983880045076128,0.6715908938629644,0.8082867699112142,0.6635870859547844,0.5212345880962664,0.6313305435945784,0.2875473055767561,0.7021417197099544,0.13413740286061387,0.2218698440728996,0.4925890394631835,0.5255270238459326,0.338455426098877,0.1951131036770819,0.49301320325476106,0.17359849382801262,0.5324074772405571,0.7915368129686061,0.7908734885086438,0.20696797997480523,0.4369717793663661,0.3636364147583514,0.24159947844464988,0.38327009052725,0.0,0.6856336142250579,0.6077481614401594,0.7305929975883073,0.591886216217552,0.0,0.6303448854852343,0.5880260771713461,0.7228806174542515,0.8937222469590441,0.5195401528320605,0.17992782347931582,0.32256675482406894,0.687231656085395,0.5858630131012549,0.46580388075149126,0.6257497134252027,0.5732708186400398,0.3800782063482021,0.9740519199257228,0.6069781601865938,0.7956277925129477,0.40542949126456346,0.33272802569554943,0.43690689815767075,0.5516978900047667,0.640893466452725,0.7524075557632497,0.5895810257004152,0.4655601231869041,0.5828774049657651,0.7652805734998558,0.7738304494060091,0.010584119739488904,0.4204644255927646,0.7803484400145023,0.9551959422254495,0.5838720862454295,0.5298890232100557,0.8115333315368405,0.8314456519884295,0.36760334546739104,0.10313020909206781,0.2579205357841275,0.7285413044312261,0.5146226897845926,0.2032861012215967,0.3764214692824766,0.6097038680642697,0.527338185808597,0.20095702403258867,0.7955140931994601,0.2708374857603463,0.3832976999345984,0.4423035934533749,0.426776188683374,0.9303920120088338,0.582132379581616,0.47630197731318846,0.19641500144714474
4.0,0.607501610286144,0.7262231483517542,0.4465412777245779,0.8120832072255905,0.4920204099832154,0.38950798885209664,0.5529787179200357,0.7107596422678862,0.8164269747682897,0.5172345869956266,0.6662199699638394,0.41782686428331983,0.15105257548104414,0.6443307384176437,0.7940039731544446,0.46765623689255575,0.647255973942667,0.8507396598523191,0.2239832300587164,0.5256524453859495,0.8083639271446509,0.8226265896538394,0.660646415870716,0.5845377681147871,0.3745157791144965,0.47361054654630286,0.29339251154838175,0.6937441626563264,0.46917458080213714,0.259440292188269,0.565150190900701,0.5594041165839374,0.4071907415730362,0.6016909597028132,0.7313491640979576,0.9211631947540591,0.692662033475924,0.6218362917175243,0.35553070493298017,0.793775030797549,0.8340557805198883,0.6968134829031108,0.6714507589878217,0.6706756736096141,0.7410382904508522,0.3414765469920168,0.39156923374598207,0.2081909061222638,0.8044262686560845,0.7821140760805536,0.30226337949302423,0.8258534394532697,0.4454072136852546,0.4320277787142452,0.38535235683692226,0.7019350700681626,0.9787366666489502,0.8062221802979742,0.8100734330513281,0.9875735607062363,0.3780250480011727,0.7921125800186927,0.6147251992929365,0.6821404485462836,0.791900491312849,0.18184151767582687,0.4780848897407528,0.8295165180177831,0.040922044142590874,0.7659153225289804,0.315763407474011,0.5977023496142815,0.8310691489032376,0.5571013654724817,0.5140190921831836,0.6844398798502868,0.36786897102858185,0.5971454713823514,0.8090160497755073,0.7642329443524893,0.5656787480348074,0.5087446972347712,0.6588672658830588,0.5028876120962302,0.6107889789971245,0.6151621854391722,0.5048933601544247,0.7276918366766527,0.579479725708932,0.6601596912863311,0.19740106087463263,0.2852193613442282,0.24549575205329133,0.5546027717483405,0.6772325147444563,0.6658812658008095,0.7883536108806418,0.4759264357852099,0.6594499289446856,0.6607409734949682,0.27553309588660263,0.35891846670539773,0.2138927810791553,0.6888489147049759,0.6064548677933755,0.7664773344640771,0.6594777627999093,0.682073116300488,0.577599475441628,0.6228534455384348,0.7884966546607701,0.6740754450384941,0.4536739267822047,0.4015702595646215,0.7306383246366549,0.49983758306005455,0.8617801057677464,0.6596883133462158,0.7543510930621414,0.5856511248917272,0.273429525203263,0.8630751038182994,0.37855021290274826,0.3943566435966227,0.4801285427137048,0.6192395402685581,0.0,1.0,0.5631948934252534,0.37901477962318375,0.8560873225116917,0.5167029771383548,0.21680483455990243,0.509482931177218,1.0,0.6773678694926724,0.8930304623427794,0.7105675667530184,0.3005241261445085,0.7540723919969585,0.6646489797558266,0.5613220665409402,0.39517388638509765,0.8282441817459665,0.45133959106178884,0.8189011486875041,0.5654194468602222,0.7526473754605306,0.7137545168417837,0.5770927742513999,0.8908318899599146,0.8016664642942251,0.9630603885956484,0.5943750727436968,0.37212249111971873,0.5288339598883933,0.26939907025222243,0.4760985497757107,0.7257909036249298,0.6409814559732159,0.6383892170640881,0.1862785927785653,0.7450504210007222,0.7643924996640981,0.12234440699773294,0.85437010857936,0.6271925344939718,0.32550843750710845,0.7858692617194484,0.38843797268225805,0.8755371884872186,0.24393843192565837,0.5022200527850696,0.776439473257887,0.4476826230190491,0.8322368928450664,0.626657526124029,0.4890291105771068,0.3935939629549799,0.8173551741819559,0.37714332611264473,0.8376422968870755,0.6457285602944506,0.6517387610088572,0.6370915764671866,0.38475495146059324,0.5495311778125315,0.40364126210365303,0.5390249704641024,0.6137836803929478,0.5158100518076508,0.6854008142766483,0.4565361096220185,0.6004439907865784,0.6968298762825748,0.7399180168524893,0.47041580745717637,0.5981860377925532,0.2326500973514028,0.4094993928592547,0.8030318747792491,0.6376181058357364,0.6969080669441243,0.9075121989667972,0.4959863813587536,0.603945656112985,0.6178700830897493,0.833632789261855,0.646995535706983,0.4991433068695158,0.5754604873474454,0.39147195519148,0.4757538891730279,0.6898434275446159,0.8173478893269884,0.8068310078326041,0.4566481485562096,0.607188846138536,0.9545452058616892,0.81143256418926,0.8333267052180974,0.3384110789215425,0.8833905230352476,0.37667836537085864,0.8876134392238002,0.757327041976427,0.8724471976858672,0.44924511262030503,0.885075109467494,0.9295019272212353,0.7960023886591523,0.9691876945836293,0.5715239126116178,0.17148373265804767,0.38025210406939136,0.6609071991359972,0.6185934679353465,0.6746196745434917,0.6851470921373275,0.6518677066083127,0.12162989356912607,0.7114187234425222,0.6473541918168177,0.8247524163894042,0.9158848488844397,0.44546500781046394,0.32984840788111836
4.0,0.5915480394860517,0.47901398311024995,0.5252316341300562,0.8729095036902971,0.41791700652894026,0.1864114105606327,0.41580256897323065,0.7569129590023467,0.8463940531720078,0.5882286154677113,0.2074095298556215,0.20780826202440672,0.29979746959991194,0.22586681122638566,0.665963958824925,0.7026217902590997,0.5304154801309151,0.8625944165723417,0.39015923971540123,0.6675222694759718,0.8120822434671038,0.8112918243211048,0.7508389959028222,0.7783679814856442,0.6152518803197784,0.5091939540522352,0.5165980655711842,0.5276326630990593,0.22274801110208292,0.4999657564101905,0.6131378385448143,0.6561152920712856,0.4548969521482452,0.40406559424801536,0.6172821971072404,0.814884561199126,0.244887567731937,0.3737936188689284,0.6678474302798508,0.8028837229278921,0.7434588924440415,0.6038167021462779,0.4167247040273568,0.6322382173702765,0.4221952756403984,0.4262148234471707,0.2289161787961895,0.5273273095088824,0.8155575449527979,0.1544227995055792,0.6597126941181228,0.36860291157492164,0.30324330116894027,0.5115220607174379,0.631223689983603,0.6402956113868501,0.8456386180320499,0.4199559878961425,0.8454346096695127,0.7684225468373745,0.09000222032156695,0.8827963635935631,0.43862636652127074,0.3139075896251787,0.7772535012356447,0.49355482233775677,0.6383102109491521,0.5168582841940653,0.3448577953526356,0.8842388203496615,0.32582580634736796,0.48912473499617687,0.9113227369839948,0.4180293423478682,0.6142976571634129,0.66694348807591,0.2739263508631504,0.7532467506071207,0.7782412799373313,0.809813136244869,0.49532226447065125,0.4304318911221003,0.5556604781121041,0.5355629124701303,0.718787323101873,0.4335600783495089,0.6587451983747762,0.7056825042264168,0.4466009607106694,0.6015808417506089,0.39531332443954065,0.5056192474751673,0.3146224450937919,0.8534760806758369,0.5007517975614181,0.4449608294054871,0.8342271006730643,0.7749581190426237,0.3816464594099085,0.6559268495141782,0.49108523690112726,0.6817384215015998,0.30657718434914044,0.6189067119061378,0.5620796058128519,0.8359353179243907,0.49827182192804415,0.4986955823402257,0.5967821245130434,0.7845032478688481,0.5445435614557615,0.6207279301384024,0.5318773612244089,0.6318791285597238,0.6857259828792532,0.372176138321901,0.8697265714530137,0.49230600564691834,0.5966080188787257,0.7335006531677349,0.2366324170065428,0.7078826297538937,0.20957834567990016,0.4095726881941876,0.5668297514507864,0.39766715603679975,0.6948034631938085,0.7775742470711359,0.6146565477131664,0.5605403123786011,0.2919167428031168,0.5594330208044589,0.5550844946980816,0.5716091836146784,0.7098398659666023,0.8277410077038919,0.2895289919395383,0.604088599926077,0.09085771856502839,0.7433621326363443,0.6549114145326608,0.5480690481840271,0.15495849688268565,0.894755582552993,0.7162330724814955,0.794589195950887,0.45035516740202086,0.6097971999236673,0.7085586754784883,0.628470308976411,0.5698314724801983,0.6814341140510409,0.8892310967955759,0.7739359857900244,0.48906993053284004,0.46092879186784785,0.42301812272229433,0.921856826735163,0.7492858698265878,0.4335673669304974,0.44415056222388366,0.24045151771317413,0.410659254329218,0.7014933197182988,0.7856020444749228,0.7802577062231786,0.6418444275317943,0.3198073486843739,0.7271089251839469,0.26458774365196097,0.7863915242420297,0.18492302434822466,0.26673538408592806,0.7353096539003895,0.14700827710685863,0.8737702027081484,0.5234777531193282,0.5156902930415249,0.31037701625893743,0.6250977897684097,0.5490207088244434,0.6985383278388556,0.4077848092424083,0.49430937153914184,0.6253147513104526,0.18361603128236736,0.5199330501937415,0.5721132129407887,0.8391144860058474,0.5071325630477773,0.7343990495893729,0.6458351476458948,0.48898157045946383,0.7114916388243735,0.797398686649749,0.6023688877736825,0.5552231315985536,0.4886273550063052,0.4315245327517847,0.37693372208084425,0.7746987134988462,0.6317127650003423,0.8328272775297383,0.7984275721007837,0.5526140566950817,0.23804812689686805,0.6854796969144197,0.7929482763105504,0.7179105892645066,0.49992801962733474,0.8579831610772143,0.33155743730472254,0.5221966127831745,0.8112254330341264,0.6570350445197445,0.9062247811395802,0.644956261132976,0.4912224888928546,0.7342639845442557,0.8236987473658046,0.5191980194926261,0.27134894556610534,0.7764046293070438,0.7326030177704604,0.8708080183848264,0.8857768521544216,0.8674997719160111,0.7512546421193929,0.2654853316383453,0.72377689006442,0.5119658172447937,0.0,0.7195379093216997,0.38300092816080683,0.7570421998929253,0.7100230843809584,0.4184846777183118,0.5335905035184133,0.6692007457538375,0.6691673797073444,0.3916681757239598,0.3707553489728655,0.5215582981389074,0.6297762666984797,0.7599324485031957,0.5402241796184247,0.10855988631013128
3.0,0.6536277240584544,0.7038025306161096,0.9014789097678227,0.5672086817226659,0.47451031492177553,0.5773047398269827,0.2866419668532874,0.508200578489334,0.8133782893235769,0.4856645386774802,0.19035857661650335,0.25411795378744567,0.1529070929228105,0.4160764913298875,0.6657501885122602,0.39746625682978365,0.19981499055913682,0.5917788281930155,0.5832135415729683,0.5969451109731821,0.2490542701816194,0.0,0.10485824815763092,0.0,0.1951006174286647,0.20440248731358365,0.695197498042617,0.6246465168627389,0.459071179155132,0.6098918380549402,0.864758160152765,0.31167190573251347,0.28674744093281357,0.496332182131647,0.33542884079409063,0.7844066369197555,0.7700404244838127,0.5109027089864943,0.8305292475001692,0.6279338718985154,0.0,0.23005337590932068,0.4902051440973216,0.9670365314335376,0.7966169625980606,0.3610085163980436,0.1688974393653335,0.4622220940640318,0.041471123119802694,0.5884250199777924,0.8095477707977438,0.38414959563916024,0.21903557521762557,0.5080585465284059,0.4918545881013324,0.6797018723676228,0.464318297418673,0.25262537992313056,0.0,0.45771210452004213,0.22403385169620954,0.6978660321540227,0.7336025178486899,0.36310394940972457,0.6844431935176339,0.5169815531772629,0.07060891051378439,0.7922455317988055,0.9519248250982767,0.6721011415379267,0.3686885817783039,0.4124489415713046,0.5192925197838735,0.580433925864929,0.29151584418320425,0.6347240112413726,0.4728752872154616,0.45897373457272744,0.8983790888592076,0.59612148784669,0.846162166573238,0.8979357540711106,0.09586570869814268,0.6727814522156893,0.7111267803356084,0.8163426249634698,0.4858620421356503,0.5107988109173299,0.38583185204166076,0.32438958699260734,0.5657355766802583,0.5583920926174776,0.8638871689699258,0.7307922153072195,0.43749825164975464,0.29271668695521746,0.7495187228625871,0.7255385681601634,0.4929496099896071,0.8344566811160414,0.1990770026865362,0.4452597112435936,0.3523230693375305,0.4584268924700948,1.0,0.36651272786396033,0.6383506846452965,0.5277222727686337,0.3692783533592674,0.3882545630517813,0.33648246769195966,0.6179668521896035,0.5730244181203152,0.7732491760291289,0.7439128605017585,0.7214966930708928,0.38662286408799457,1.0,0.5741823962276633,0.25831241389569504,0.40371612390804856,0.6392578137624195,0.6236938836772844,0.4300673384301335,0.03878658557785902,0.5716365409775842,1.0,0.3175527838398089,0.029750879822448877,1.0,0.5918606942513363,0.2300578034564814,0.5684196791189341,0.651264415702233,0.625512634161484,0.5462117757457396,0.6592563160273845,0.8690997373946773,0.7621917737783784,0.0,0.444021724625565,0.6763387337690836,0.4092338648552919,0.7856355402186214,0.21183991313812842,0.7144293341740542,0.7594693245186294,0.0659599752251295,0.6456973630448309,0.5962085976016783,0.7592029732536132,0.944604657931705,0.0,0.3863764605946583,0.18202946374473583,0.6276063233064912,0.6207366812670178,0.7395519829567739,0.4391917079949826,0.7053092090475045,0.4841997525102673,1.0,0.7173885509354768,0.6609051368401375,0.88763140468483,0.7598525004448907,0.47479294773609315,0.2986659125197292,0.6201231413791037,0.2802408293304673,0.6718216998528608,0.33417570428112386,0.45910956422355026,0.8285105534484417,0.14700827710685863,0.9895914742043066,0.8207617135864544,0.35415718205551655,0.5156293381493023,0.4544936546641523,0.5084997819424134,0.7006967533972719,0.4889269384339482,0.05677249752008796,0.3723817249415515,0.6276863624505699,1.0,1.0,0.23092356829580665,0.4137684967701471,0.12874209827445962,0.4397912121426977,0.3693692336888518,0.0,0.5325371184288114,1.0,0.48027501934104433,0.6144508947136896,0.46596814542157133,0.3616489023416969,0.5567606901623628,0.333218513767347,0.6255254039870276,0.31943907875233757,0.6733436275144308,0.7947024837367934,0.6143373796597151,0.7552096258679128,0.5874624393210756,0.5774055799974962,0.3119553348618579,0.5356851179109544,0.6423930903550068,0.5088127225326611,0.5888472808341911,0.1774258002771802,0.09051512461353363,0.5276461075499729,0.345094297483503,0.48455765338499573,0.6558923140078291,0.8302689463972522,0.7169860830046291,0.20113325473605626,0.7835480888906866,0.5597382616905786,0.4132108804695223,0.8325469870746777,0.9109324847327244,0.36306673616323015,0.39658712058115353,0.6818428377660535,0.647503063465178,0.21007250816855202,0.5966017169262672,0.08443705356696901,0.513675813632811,0.4529840882704162,0.6780593093929412,0.2762663733499902,0.6634892734622292,0.5392657361074682,0.928298631014585,0.5464307882553108,0.8883571393426593,0.4542598961840707,1.0
3.0,0.4851277021106113,0.2909649472586549,0.6665754309229008,0.46815485685892283,0.5442710391117523,0.39635597082069896,0.8629220543849416,0.6456675070271826,0.7742703961642469,0.48059365806788257,0.47594044145903985,0.6151749060424994,0.16020665750118582,0.8201072853452246,0.7314326149343484,0.33372570445244565,0.8128654452801737,0.36352292492098964,0.3131168096837146,0.11814247344050029,0.3908878079601729,0.5925300137202691,0.6127107443608878,0.4951315561183241,0.44162657686188717,0.1748600992255561,0.5603133147969557,0.6050124132089059,0.48584844328437066,0.5228401576011884,0.6249367489440074,0.3817406063228285,0.3747305995843069,0.4846234725084947,0.45939019492057703,0.6211678926143291,0.31167215395691544,0.7697586021829604,0.6390063787827748,0.8312204434022616,0.9241047866405202,0.6013063082570258,0.771545566953973,0.5738771742947123,0.5433221276510007,0.6466305281674003,0.5281159763393574,0.0332152724559053,0.4654333598613287,0.8542910735203741,0.42168328651343656,0.4049545949662211,0.8124097349732252,0.38900002498476716,0.2608898493160519,0.8014584265043978,0.757660816918593,0.8584729639189816,0.69252875063235,0.7058071003486743,0.49561337833371927,0.7128649401965647,0.4238098085680259,0.7239052488000085,0.8294293402574088,0.6925034249951677,0.15383778563560715,0.7034787461751699,0.318638168240592,0.8583984539835284,0.44094477402451626,0.5735798989836196,0.7290948513118066,0.8135832569125938,0.5702256699233212,0.39518250566826874,0.49181437510564213,0.48651994090283485,0.8667249956152584,0.4436408065465179,0.9496438414102029,0.5562621351839765,0.5589053300140512,0.2038036434077936,0.6815455467358664,0.6629314013370099,0.6960386520746249,0.38356901955995143,0.7848395452008579,0.26385586486153745,0.13327639131483707,0.4547693590953507,0.06613890926470223,0.825574866815433,0.5892433505014077,0.592880402197232,0.6299145195964098,0.6492632640002002,0.7042260306439702,0.7466662122195576,0.18589685641731046,0.40685384291711557,0.04051588544726339,0.5734334721202776,0.829138167282125,0.7234831775149911,0.4454426970013216,0.4566756590903667,0.6357275554937653,0.6667063419211684,0.19946265117386983,0.8994468046433854,0.6799653553317256,0.6103093797314803,0.8009604074972312,0.45446040748560895,0.6108022615034997,0.0,0.3823680770324343,0.9578776418819424,0.4994121743788353,0.7083587474686954,0.18308509195935146,0.40248639643615736,0.276453444222529,0.7634594049695507,0.7413042633262313,0.7542805661938635,0.46202695974944424,0.7742885340779314,0.6777755809354795,0.2918464456692986,0.22322262491578695,0.6120571803329934,0.7638749510015167,0.43393047173069993,0.6400953990885617,0.8086232326743937,0.13341642286059205,0.9563732867773985,0.5637806580911668,0.24427129026474975,0.3081805933124457,0.8443081861370177,0.7502815729067098,0.5275923550517307,0.612362549606702,0.40569124536392165,0.6246869822407609,0.40235216912131405,0.7199189221936436,0.34583732579792914,0.8834242497523603,0.7187220328412584,0.3375072929585137,0.37744238144766773,0.6239905065905477,0.8009660875794439,0.46210059142360266,0.300497676743534,0.6055728924156422,0.2999708005552854,0.3300729351476194,0.8465613684438494,0.17015244092615708,0.7254469871932222,0.764764923576398,0.7375469586253094,0.5137880235575578,0.5579683774070592,0.7845271501490685,0.5463455217534573,0.2769834057188406,0.7076988787526364,0.2882319495088913,0.8905967686051532,0.7018410658917885,0.6133980688528884,0.16427625665416756,0.6026845314441619,0.06118512330810253,0.9746484234364606,0.5349331843379355,0.5858553419004894,0.5416261528867222,0.4635779710806416,0.6089922146836997,0.6186079163906787,0.42358460330680847,0.41589018622634666,0.7559581001880972,0.7527835047387066,0.6228998552524785,0.638420035989289,0.6166595751808166,0.7499255935032064,0.17420228399296273,0.3332236851459031,0.38756462147451154,0.8637520350182097,0.6749876995666102,0.461568652558453,0.7021205080526871,0.9360982525615742,0.7888110029214054,0.7310477724204264,0.0,0.9487647185592977,0.3698891705530735,1.0,0.7709684708216659,0.36375388999749847,0.5584562761112244,0.7489866558245688,0.5835676329332967,0.24290838410826043,0.13499674840747206,0.4508699652311324,0.8593342059825576,0.7025805628314852,0.6920854759151942,0.5045096448441196,0.7969523809038892,0.26527251733216606,0.7986813244282553,0.46948199518844,0.2346603337304356,0.8088260801098738,0.6869713443949047,0.32719730868413033,0.6107330535357312,0.5986637483868013,0.950850624422848,0.688919064131349,0.310888931015294,0.8559637952329662,0.6643929411777175,0.6066718589839614,0.7997154916364541,0.7727908757201349,0.3834213244579552,0.43371220655472303,1.0,0.9010154639926808,0.5324344727434392,0.643217710201255,0.3044873368843019
4.0,0.6551791918401688,0.8014096013116024,0.6506098662590789,0.8992948677665591,0.55352493263903,0.14593480703614298,0.20335871685786358,0.7881865844813838,0.7917853083748952,0.3074261654983865,0.48185422864070804,0.17874879573947297,0.4195997611938062,0.2733419230596155,0.42395599600453987,0.3579037802909867,0.42040254723627246,0.8922574412110733,0.2712045590715709,0.6276475455411026,0.8947782704232053,0.9413145362881237,0.576317150942215,0.8286901452857289,0.8265094311999525,0.7590600745443074,0.3399775706010437,0.6025627369474869,0.43265447453391764,0.7593092386831818,0.3595058034931047,0.8264564336706948,0.4500535634810579,0.706918563677589,0.7791784511618906,0.4015983690794378,0.6420616523244471,0.49126737865022946,0.6829681326746585,0.6581641097263579,0.6617101494696005,0.6257386734074045,0.3997390211750228,0.6429410971860441,0.4085414655736953,0.36964766155447454,0.21338260130082948,0.23757769240167564,0.747764037123181,0.22108547524835692,0.8167215541597429,0.5049455351629274,0.23241747937261753,0.5927152777821342,0.4828008762383867,0.6200056077148831,0.8510083991549134,0.5901623700147393,0.8839634265610584,0.8306747372103203,0.525928895712685,0.7996962658422014,0.5545000576908939,0.3976618802205617,0.7199907878515238,0.33595539018194787,0.74404516428551,0.7570558900041113,0.29603639586619057,0.7143067617801574,0.41977303151019857,0.3722348324186113,0.7558456644463848,0.3717295960160346,0.30633384816890374,0.5826517885346567,0.5265570427452756,0.7369497550121812,0.7055340526930088,0.6540450594040911,0.25690841671067266,0.5266426788732294,0.5477437503559116,0.6568902171748449,0.6546759143995058,0.43411123675658914,0.4245458675286298,0.7222407663561188,0.7509598168314121,0.8195465796095547,0.40511425063897527,0.662635977514491,0.44466965380471163,0.6192630908887196,0.16272084022371242,0.5280714309230335,0.6498533019989052,0.7689457794056844,0.4680343213742745,0.5395060573856008,0.6029312269185079,0.7737198135476682,0.39049632674428275,0.5721532580149202,0.543818740403318,0.6655874963084593,0.8384856688103434,0.3865914212212334,0.3653976475301113,0.7352926529462898,0.36636684398174996,0.6328311915109723,0.4986093615908083,0.5662570163698145,0.7766188210642241,0.3863502686194556,0.8340709379128681,0.5759149074674135,0.4363560154025571,0.7808585782930679,0.3518669915330107,0.7724313438066268,0.2111651552279441,0.4157200806532591,0.319480012383699,0.5788116486975364,0.5921932236818034,0.6324994256880795,0.7546357187265993,0.5547379794345582,0.3094715163766989,0.8248900789613051,0.7809185909664448,0.7173216160210942,0.8173856819460511,0.6333319543807847,0.7494408574461567,0.5135309472282374,0.24658821000615314,0.6547247510069377,0.8852073652302206,0.624207166510323,0.3925663783623364,0.7816283556767677,0.8308040025641575,0.6046271101223322,0.5233028597299021,0.40928474179696467,0.8915202301365428,0.30543640452969906,0.5700874918828559,0.8570729956477331,0.7408699651125702,0.167541668945857,0.41775187918136153,0.6390266341795562,0.2596238738502094,1.0,0.7772548969541992,0.5588568976341312,0.3292534355845768,0.13154239272163953,0.5058123149783712,0.7405108194150354,0.6359070603112764,0.8717236282775301,0.7261186070507292,0.374696288409304,0.691205419262289,0.10340539377971279,0.8532947091076619,0.21797749205452904,0.3235812581331031,0.6951157631240179,0.5675884581965625,0.6882097438968288,0.2810740307906,0.3899930027580597,0.3605929195872176,0.5810100444304419,0.6956809439902719,0.859299135244818,0.3465770827946497,0.40756589959993383,0.5196256260045786,0.2327810496159189,0.4860043387829852,0.41105421638693285,0.7353341237826336,0.5312955813134536,0.5901148208037957,0.4333176621380487,0.26790360140406305,0.5445052964036398,0.6397052592859139,0.5543560226355857,0.6790554001927435,0.5872845615949391,0.4601023276841566,0.3760542430910844,0.7239431761388365,0.44408686773401645,0.8135748342377586,0.546561660955381,0.617340306377212,0.4575797521392049,0.9448540096776089,0.6373556913591938,0.6513325878295476,0.44204510993280227,0.5215788144141111,0.28195325619469336,0.5385167266698163,0.7294058423072034,0.6100450901353079,0.727077406841539,0.6532896529307167,0.6315169702395819,0.5199165310815765,0.791269171318685,0.1502612946642766,0.2016287701286115,0.7532524201096237,0.8723135561989456,0.5912981426835138,0.37105583388717783,0.6312951253875688,0.8125364179016581,0.415396165761843,0.25591467899654163,0.5513357005103187,0.44609808076737106,0.5414244869573624,0.41879981566230956,0.355323069424655,0.6519166197513993,0.5838567607315526,0.5102376695942219,0.8106457578820214,0.3113333433888739,0.5796560259212993,0.38720783132855996,0.4256806609806931,0.8839137557590351,0.6516253902644223,0.49663221229012766,0.3170453975223089
3.0,0.7529156827763371,0.3601733584970254,0.6054645252312026,0.8297894412724599,0.42553177763159716,0.7652783250656242,0.43237028797640187,0.2888050091650269,0.8821679083401411,0.4131669778027609,0.4092770790705173,0.3178895443509713,0.5839299288973022,0.20977566413028567,0.8293223031654031,0.18686943575006165,0.6849684534339708,0.48994037887707764,0.33459476701326646,0.3159414689446268,0.8439490660405649,0.8163516174026989,0.5490917894963265,0.7046691209252711,0.45638706279062846,0.38276217447094985,0.8641806895723647,0.6557359625919711,0.4791439882338567,0.6419122612929704,0.46981432103684434,0.3804252240130405,0.5481742236027909,0.6508698672005168,0.5129493789528098,0.6269201390289236,0.7068040210326019,0.010119515338137312,0.35322322666414235,0.6026916607418575,0.9409817891964025,0.17705415651280995,0.3538796601456641,0.4354514529174466,0.5299835984170655,0.1382341538342275,0.3376971159784514,0.35565100639652053,0.6316798402619079,0.24171831814787606,0.5905772028488654,0.6829910967214099,0.2302456606412103,0.3241148714477874,0.27108350033233847,0.6933295728268087,0.5476968399696929,0.0,0.9220090894359914,0.9051156641292719,0.2460119678172211,0.664920935488372,0.38758566123256133,0.8277664119653708,0.934917919750145,0.6363595260446425,0.3491520769930936,0.9407063642526883,0.3652628334030694,0.6004746843372687,0.37089312319500617,0.37969332970295744,0.8079169563501224,0.9184126404881388,0.81101702672013,0.8826838381800604,0.8590663928705653,0.6066560029175638,0.8155255069655604,0.6834866567888586,0.7269997748684253,0.7299799318900212,0.2715998127850203,0.7356617356613301,0.9466284072042418,0.1561463914410167,0.7184335573017243,0.3802215335027073,0.5065381657731951,0.41006667973348315,0.35310007666190124,0.33180709455729557,0.4098026138500807,0.9421548608171517,0.3701270995600675,0.559471329553657,0.5268857141936831,0.6104372406475487,0.5081164336684661,0.5268600233005373,0.24740414579776815,0.282508136026329,0.1939549667612557,0.48976037185113175,0.9155253293521629,0.5917141214785675,0.439646293335537,0.2767836040560192,0.6684483940895278,0.6452986501488853,0.3211106436214181,0.6480283066502343,0.6990784449037851,1.0,0.5463318168724788,0.5786519960688744,0.8009155001338811,0.4623442892775353,0.8698250333337695,0.8330642364262996,0.3250860843922356,0.6459591007945483,0.48125505168498484,0.26250946162245625,0.12988466270417168,0.6352828238902101,0.6732991210663544,0.6176819316212304,0.5097939666479163,0.5401572694724601,0.5547131328273739,0.03489012401557594,0.8790060686434241,0.2642547074003854,0.6024220549426231,0.4430210897296715,0.400353973528338,0.6160106806526585,0.4042541418474331,0.8127755413996599,0.36907898698026054,0.7514576190768163,0.5735101800527473,0.7015630724028303,0.6040884743325575,0.43500446847023566,0.6554403308931683,0.6803530882887815,0.6507200724004089,0.4110634978969819,0.8173905780514515,0.6195674243970709,0.7852107465665893,0.7224137719778309,0.4141190680317787,0.14957147638986593,0.7938654803288497,0.7152408196951306,0.5842044587261356,0.828188971130282,0.8045335845254573,0.25308131165973347,0.7798308360328315,0.5192436043256845,0.8323759223976013,0.4525308688869514,0.6402539511113576,0.3448100928885851,0.5509980450461519,0.4224104333082834,0.6995902592448509,0.6939981967134733,0.7694827596156923,0.7594193063496842,0.5070900489201933,0.607090174111352,1.0,0.37348106207414217,0.1325708266656832,0.5869198580020617,0.20717482563114925,0.9957971100071631,0.5577476940874896,0.8161985734967631,0.5263325700116618,0.4038807156663017,0.5687773415675703,0.4426319321697729,0.5499277021096539,0.7583843440719528,0.42718887809643685,0.7830228498447164,0.4304684004256386,0.7283907534870943,0.7479085366180471,0.7139379664895995,0.5276748910963487,0.5162349904071067,0.4702999225358318,0.1881978514595205,0.0,0.7907478163074239,0.6543069677527545,0.8495040845994264,0.8683799444322383,0.1983932844941359,0.7082372122975947,0.5902792793332872,0.8664173461366568,0.6153960632393229,0.8293082754713155,0.3254763949695872,0.22990952974643278,0.4455376035714403,0.5973656288007169,0.7695042972405345,0.07538039037330761,0.6459630814747802,0.6780871128161153,0.6076450852356462,0.4933004183416599,0.5817637956602975,0.39984163954650603,0.15965721002170208,0.9309950174873566,0.6416884346350575,0.22579143858018502,0.5485787530657823,0.6081476523299104,0.8362973406941531,0.5657404744326053,0.8640623812403148,0.0,0.21811895147012336,0.35163301325417445,0.8780301698699886,0.3987244791012029,0.44981186467069545,0.7865532142628783,0.46067272165698436,0.8522900197466238,0.6932477563585127,0.40919553947733117,0.735519738025405,0.6544718177327923,0.23628359790843825,0.7625326575022082
3.0,0.5535955255261245,0.4356413543910231,0.6108531249904198,0.5917074687981356,0.4794304493066109,0.3089638897007961,0.42614175823756023,0.8233961193114046,0.7636258075498341,0.36438651855683335,0.4874774505749485,0.17764125833359073,0.2171672293820435,0.40421519210909795,0.19783328450603396,0.6126417167751128,0.7443092383479418,0.8380252076539267,0.37973303807572967,0.4721803805852187,0.6534318435909696,0.9036836896832621,0.7887887703704963,0.7218488616053262,0.6077992392914519,0.4261085116550015,0.5223482079481235,0.571483396419709,0.5285102527454155,0.7059704661621381,0.21373031356514063,0.7524285578411672,0.4291406084747459,0.4664008141634252,0.49937817651529237,0.44186726691150513,0.6167324163963976,0.3579073369135212,0.28692909433091357,0.6372018538283922,0.6904196467893876,0.46365675302839876,0.4108623561202717,0.583109707892599,0.8487969332265186,0.376231472503936,0.26142420622737284,0.492305197087373,0.6494818761289158,0.6118849822629575,0.7519948060451129,0.6202555488096587,0.178509063194087,0.45670232404209404,0.7192235161542112,0.5874455108082939,0.8313399213456221,0.5728292337920203,0.930403128056696,0.451958939844266,0.7898419448358402,0.3103743170618285,0.6939123428247366,0.4509533103913457,0.748840909847844,0.46187842102923554,0.779024122548439,0.0,0.28377126482070697,0.5492077917014455,0.2814687057772527,0.7150524699032353,0.485349845903934,0.41303582177505677,0.5655637424844719,0.8085835526915585,0.4826393467045448,0.7151297648719883,0.8453056938138692,0.7826250944439784,0.4878320397050215,0.6368859008488138,0.6328863880007627,0.3457035811197043,0.3912158976968485,0.38708505228038,0.2521499510023719,0.6833487150484819,0.5518383941830298,0.8198523134194,0.4376759429465912,0.4696032690359699,0.33754219740111807,0.8737650103111761,0.4552106048907551,0.4470310897134051,0.6746452742981729,0.7656521508135133,0.5736416398742481,0.28533818396697586,0.4939502948829309,0.6627387926969998,0.41666038423795565,0.5695759724332267,0.6306898377341257,0.5877222919878867,0.6989429129310909,0.32434028681917915,0.5843121093752919,0.5351144660764319,0.5191959802253062,0.5355486590161498,0.5366914074820485,0.6491916892200124,0.4607991058599068,0.3983979671562595,0.6880477775160161,0.6681981251198339,0.45324612354540916,0.7859472149871618,0.39544511038625,0.6221487085326152,0.6476667461491729,0.4915062673208162,0.3202838771377095,0.5602903065000517,0.5072292582998569,0.4257322744154215,0.7785928879549522,0.43478247625050953,0.29062358331295524,0.5963181089234885,0.5843726736584093,0.6991955704154895,0.826001395331491,0.7739629732685432,0.19140984001710115,0.44046715361031313,0.2521407020399002,0.6821022218650411,0.6965851874542283,0.5121800269478911,0.1289538127070614,0.6993038746077281,0.6915450873434705,0.7144293341740542,0.6086451603962151,0.5535859384369719,0.8330441418077295,0.48756356772979315,0.8337552000941534,0.6734728602129019,0.8540341461957576,0.7237244364696825,0.24873593348801495,0.5331809260077903,0.41853380146802266,0.8359094945150571,0.7325505274412089,0.19263091628142742,0.34618303060429184,0.2550022002801182,0.12226131464862577,0.5977816369760951,0.36094516354010775,0.7056264044869944,0.3286101196801479,0.3094529026315708,0.6433068593377826,0.3854634593202086,0.7381892906714209,0.32292898700670875,0.4301881263375261,0.7586703782094553,0.2212633073508701,0.5065531274719686,0.5398320240865974,0.49111970490704104,0.1308430914610445,0.6290258680170198,0.7455063654356945,0.6589427718764896,0.398119606920454,0.5313201637392037,0.5098845097402983,0.22511529465067312,0.5636567578405577,0.24358372797942554,0.7076501406283341,0.3460765749231397,0.7448285422235809,0.4704373409035313,0.35184878677417714,0.724538754560574,0.7779630930537592,0.27799928063596235,0.6148625470898404,0.5795915313751416,0.10646666558177717,0.2805055585752445,0.6811684559210713,0.585793171490074,0.9279274942916731,0.2949804135558652,0.3308970498419562,0.658161597007342,0.7765243988165188,0.47252381990595366,0.7551810030414333,0.49992801962733474,0.5551127202630531,0.43213901890730416,0.7349985572527956,0.8565429053762201,0.7061083443273415,0.7011042161016232,0.8850316869923606,0.39062342113017734,0.5694175734596905,0.6902614302137373,0.44954548218023516,0.3123429287362356,0.809533738687495,0.7532524176335662,0.5008358334656934,0.7258907542381732,0.7899899996578873,0.8121641256170763,0.49050308203692666,0.615569526704869,0.22535074590140136,0.636170972377395,0.763069498317696,0.40579832678125144,0.2000774558063022,0.39722067452885834,0.6345966971541961,0.541762665869331,0.7099260457970821,0.41649557447011754,0.6348905512566182,0.28050167241159707,0.2885913410422618,0.47481825622482765,0.49964061969770623,0.5432333618862037,0.3120902382746784
1.0,0.7613089179639991,0.8196955515665397,0.5309882831311648,0.5784204155619023,0.36248915341699384,0.24202587368012013,0.30932061693386065,0.7617137729308252,0.8465837704116851,0.0,0.6812304028916825,0.16347254819767537,0.5400482525005945,0.5678309056963807,0.24696933512213734,0.6270654268086616,0.44090874190678725,0.8909202457831569,0.7075225890896908,0.44462647811361167,0.6807491819720031,0.9615590305884187,0.37435292634935763,0.6255491429150514,0.15122256831452816,0.08468712032905906,0.4705833078090892,0.19375763725964978,0.494126373504612,0.5501990082992294,0.45852454535117776,0.10016794398493593,0.30139500327755053,0.4819417479152357,0.33041437760942854,0.629350050585016,0.8264418923991803,0.37428481459720453,0.3221799442467519,0.37809659138513174,0.5532114849236242,0.5843801711910722,0.3294119555643394,0.48797819531787556,0.5091658446913532,0.36305396034162357,0.13552952638353338,0.30475640458369946,0.561829440638288,0.17960708763035932,0.3664017082838932,0.621640759078476,0.19203495817032268,0.35017302878598294,0.4825751110500464,0.7662877834918131,0.7487579761162592,0.26369915373393676,0.9778399192027364,0.6545300835329201,0.7441110358436992,0.5405364681211379,0.7535537628310994,0.5148755126389202,0.699245978760674,0.057834359523581236,0.6673075248274563,0.49466217809399826,0.11227391922736667,0.7202505626800169,0.38007778710713985,0.6298405814364929,0.09579236396600099,0.40913517085641943,0.5039068468818525,0.8829872335709661,0.5468911292561661,0.7316394429182044,0.6565852105459852,0.5825969298233575,0.4646262513503126,0.7780485210705316,0.267048275504448,0.34244987988468756,0.3469346755547644,0.290769501853055,0.010881335451668993,0.47179222462977227,0.3607009413937438,0.9182312624534461,0.5720383785756382,0.42421119997452134,0.25370022347921456,0.8217700290433049,0.30687775782331034,0.4687945508279059,0.43524695181389816,0.5057713797326269,0.3751195891518953,0.6893092724927868,0.3904973409610918,0.5162409197949694,0.33239717889460085,0.43517195656840246,0.7806164041600876,0.34075040667352324,0.6258675783533142,0.42957421954789493,0.46946656362882533,0.3789715380088117,0.6077926183011704,0.7560355357111188,0.48207245200759613,0.567715164183375,0.7561312326434172,0.8464675226952925,0.6943293455900723,0.6929780053212906,0.41147084557935243,0.7451474143353469,1.0,0.6940471287635109,0.2489967137685032,0.38157678714943866,0.12970740185395133,0.4888144548328147,0.5204631782179449,0.5442407518203004,0.8185038637530235,0.3757932681688508,0.5458103377342367,0.35342169096736475,0.33592225471206444,0.5318402149817811,0.5717084848373043,0.7653231868733353,0.662962301937588,0.49397773962222885,0.28074881334934004,0.5535658866127542,0.5037948995969863,0.38726812943529193,0.10955272099112169,0.5607587811834145,0.6006122655385728,0.5480544729718341,0.7079347104539507,0.453849104170811,0.38401300278357314,0.2721444214779816,0.38482614204129784,0.5238726367169302,0.7467608609403659,0.6203568620310347,0.17353402561392478,0.6193020884419831,0.6333324385987184,0.6845613962443277,0.5503058987671079,0.1974511818313231,0.41988503576218283,0.20160974349907046,0.2978324409080894,0.556048931303778,0.40618038478425494,0.5879484801291498,0.40688544019140194,0.6034182823715547,0.5171604987239663,0.23760907988193375,0.7451701957696655,0.42262124100564935,0.33209696736478134,0.5705045956773047,0.22662986329590298,0.40293502917131396,0.4384829180680184,0.45760693815597564,0.5868159113616512,0.7112376788811141,1.0,0.6290525212019864,0.7009698428933415,0.8110738670203432,0.591514830271479,0.19716143766170527,0.5229949530859674,0.1401504340172738,0.18962563344891037,0.33872704139457777,0.8104869199666058,0.32858337027868273,0.5630811566437504,0.8502421632568312,1.0,0.0,0.30268314590192175,0.5594150024140306,0.2513031646155938,0.2816851144560432,0.5041222447874174,0.4106283083711093,0.4983063912897784,0.15903799708990962,0.11008162957752601,0.4096421281448545,0.8146685352380221,0.07630072333634783,0.8645888565775897,0.25333552888042005,0.5250476677209761,0.2530882709941554,0.692420306109341,0.6122048650525922,0.7541137116142447,0.6100414284946354,0.9958360317812969,0.5116021630690318,0.48639367936720795,0.4885732074109033,0.3572941168722148,0.41026952124228316,0.7824607282896022,0.21634627083639726,0.49507249512432544,0.5472010626276194,0.652616701964633,0.7549348181262929,0.23327474807463364,0.46441190908797675,0.5019450700729409,0.6543598498835903,0.7364791689940455,0.0,0.21128049846886887,0.22411319375255193,0.6818742744203385,0.43810150327957914,1.0,0.3052759907175256,0.7738664515086655,0.7708807059506652,0.13762134700693088,0.6187403572265927,0.3965564534778602,0.4648682090501572,0.1103350770157441
3.0,0.7739417317283184,0.3999863414819277,0.530810562944492,0.7336661853385131,0.554304175489678,0.6555322815588432,0.7211425187491292,0.7466313582076738,0.87574689252136,0.7756770399122993,0.36368053705443226,0.6606365211742473,0.22730912614186785,0.7571927374939323,0.7413829285237395,0.5586157949415858,0.615374208186766,0.5314218993540302,0.44039426254574215,0.5288502559223948,0.7213202837292457,0.7697824629528643,0.8178017857648483,0.6314802519164943,0.44488554457396545,0.48390594328988523,0.8861820608020483,0.5939079266099656,0.5394113729035932,0.5307697309177575,0.29053357790977175,0.2931073504031678,0.5364923778288017,0.08631557320969996,0.6750175007321285,0.8339123066764966,0.027941340607909183,0.4678967065755436,0.4094578925845003,0.6628254678770156,0.6087473094971922,0.5282814368966317,0.5222818503806792,0.5945935607276899,0.5438894054113976,0.39803745932505646,0.31990586729981496,0.11457057116267551,0.6635330319694964,0.6232016169278519,0.6186684728774817,0.8056620045906779,0.24295128595163806,0.6652917311933472,0.49604276328312247,0.6208591735063114,0.7443502822933562,0.12442766927618687,0.706278865472269,0.25310194635068456,0.6545297866930276,0.8614275793317212,0.7763071394643589,0.758648143873958,0.42161476336867243,0.8362110829257562,0.22300436577985655,0.9685340311653081,0.0,0.6927269964690274,0.4485656778879122,0.6476357428593355,0.8120076702153397,0.5118246537658923,0.3945169327656727,0.6701067545051782,0.6396567573047421,0.765665512053657,0.8842686300552792,0.4689960867815928,0.865898955058371,0.5613591189348843,0.5653033393751528,0.5102701961666539,0.8817999446761977,0.3191210599930177,0.9561209872930393,0.6896069060414995,0.43571175501190357,0.4942338856410143,0.5255070433703767,0.6915587321244934,0.6434501857490719,0.7442518019156876,0.6441659943967949,0.4099999308780214,0.63045697488094,0.7101668801006357,0.38502707025158817,0.7524346179378203,0.5050129736142128,0.6863312652057102,0.31478737985972083,0.6601839989182654,0.6360409696969539,0.6071715901737968,0.7128706455116068,0.41003756640224803,0.7130167751387064,0.49069458274598393,0.26045176201099945,0.866718140571386,0.6258888497505023,0.3805986037011805,0.7152562674277169,0.5389525524942683,0.6765865246371349,0.45504502334015523,0.40862584096303983,0.8095043652442196,0.192381407448896,0.7045162672283175,0.20530889724954807,0.4491970062499037,0.28736297918828174,0.8365577597063498,0.7827011176797997,0.8020886868023125,0.6228826124081891,0.6744484689468255,0.34183035686426144,0.556161353069582,0.6228690061714763,0.22781268155186865,0.7352039910846562,0.7084115338509606,0.33593521771618395,0.8483036386932027,0.3676337687358252,0.8114605169701259,0.5065985938998434,0.6184433719546663,0.5723561748215031,0.7976628155332318,0.7583142584970269,0.7206288079709885,0.8451291853730971,0.5384465336500679,0.2995305413162323,0.7634769773336696,0.7252028597051222,0.3980582150598326,0.8800383164072306,0.7786653491304972,0.09998597506717635,0.03252392566666336,0.8079478269539789,0.0,0.3992162619350801,0.16134306184490038,0.3612987598762453,0.3667843062709841,0.7007809553177436,0.5526331498939103,0.44670552716116774,0.8496473586593586,0.6978693954594187,0.6742247872473606,0.6489400740915192,0.4988834937084409,0.08974750928018893,0.6610795762784637,0.5399427668253513,0.7601668031882474,0.5652853401108366,0.6485800497263788,0.38694552361119167,0.7548531891819243,0.32909398079737207,0.775426563045122,0.19500226699926182,0.6652021032683484,0.5522753998474828,0.6628775045625661,0.7922678160392614,0.6985506109752008,0.38460780078771056,0.5911027171177652,0.7624087997255429,0.4559477671931458,0.7482858872171179,0.8564148686308917,0.5506350284888719,0.7633222254701203,0.8170092725817732,0.45404535510280664,0.4384572363992241,0.6269120534781416,0.46958190630600777,0.8407701099603149,0.6794524696096799,0.514470556355662,0.7779020172325979,1.0,0.7604843012327657,0.6687836910419692,0.6283369619955095,0.637199197843521,0.5751095672670994,0.4654401738888063,0.8567851019301407,0.3696139257179831,0.694794351755662,0.8768032746582545,0.4564612422518679,0.6040174229900274,0.35359039425152716,0.5353450424995346,0.6455497106244256,0.776733528785645,0.6070785755090049,0.38461740908092007,0.8040644556065717,0.35002536524925315,0.8506789874777138,0.7341412636445481,0.32966187150975285,0.6365960420483524,0.38047126305800094,0.33373048573999275,0.5932567035206793,0.8071041365731042,0.6775763585801732,0.7680481539130118,0.9889542781434347,0.7344315252887904,0.5927391216547355,0.5866556268322141,0.8223462703533101,0.6489144648945349,0.7086071607025484,0.7686091600112716,0.867360988653004,0.7308440355517756,0.19306901825909908,0.5701418226636279,0.043826862509504794
2.0,0.4181415771786815,0.5367655550162034,0.5052558936041818,0.6071669055123712,0.45258759347622957,0.26499228883631903,0.9149992401189301,0.5736060520831648,0.795607437558865,0.6587584167158741,0.09996674479304384,0.4070387225234141,0.5954855465012499,0.5577293726144044,0.7040922346306964,0.38978917838118726,0.5417727339187729,0.7262016537235901,0.2989290916935814,0.5201683663132919,0.7229006692410207,0.8036038305620445,0.9452167437619817,0.5557638725539112,0.5868106429093506,0.22380608263219598,0.7550127412034089,0.23022167068421592,0.8007076707857962,0.3932774016801867,0.5020904501068617,0.0,0.6944304439191875,0.2760543164173786,0.4372920155251371,0.663497778202943,0.7264739217165372,0.33396156800582766,0.4903609410729884,0.6589454002978365,0.8710271858189649,0.5784741928133635,0.46823875001848253,0.5222657140142667,0.423860999202029,0.3076922535027901,0.21923699744097916,0.32627866078030193,0.5247822943482469,0.8319726750162152,0.5892639259764676,0.5303563842688689,0.2510129964685881,0.7946330694059085,0.23792134736576542,0.6653336063792119,0.8347628556322072,0.5904255279815992,0.7568040767838106,0.5606910922061313,0.584117318369228,0.6205213622344572,0.47247135154685155,0.7398456643884909,0.5421992641201792,0.6647033045296231,0.3617531445853998,0.4921743108320117,0.35350438698348624,0.5451712814564676,0.4589786849798489,0.35242630925886,1.0,0.3714118459420595,0.5195767323851299,0.47339417812350093,0.370701380596782,0.5064458499575052,0.7055340526930088,0.41065911337777106,0.8102580245376242,0.5549802083870367,0.5504032497628017,0.41550684145001293,0.597328578504169,0.5117899134200924,0.6148530355020861,0.33996977380179216,0.539429225577173,0.4791936462433367,0.3101408403687616,0.5152653572155323,0.26288738093523006,0.7104057790383774,0.5181928434422722,0.4087190609345424,0.5182731671214825,0.746259730402461,0.7102765240638135,0.6220347954440288,0.4011198943120694,0.3507971862559071,0.24544341688972507,0.43990545528275354,0.9143741849292103,0.3445118149370599,0.44518192141018886,0.5602199521795042,0.8198602136246032,0.2677913624533641,0.3381387335841038,0.7891424914508574,0.7371732960338675,0.6713163888526422,0.41516069860071747,0.5442004577447972,0.8261254994583018,0.4765474423809632,0.2757193879724203,0.6114176672898942,0.33917110225824354,0.6527520194148061,0.41250390924604824,0.4952620328207391,0.25335556372880735,0.5635035692516763,0.5051933585805561,0.5739912493475259,0.7848456467899408,0.5654198732888477,0.7163891352391801,0.3984243788052211,0.6974421552841347,0.6928870397513104,0.5431325837398513,0.530259178250186,0.5590857568762139,0.8272430938653892,0.27171486394377364,0.7915803064394691,0.5990275798224723,0.6545315748512784,0.326371076157779,0.7223352467666856,0.47721872272016785,0.5967196346626522,0.6323160892943699,0.6111749529701209,0.6778608735747649,0.6248709807247801,0.8897034651877035,0.48360592742506586,0.9010798402137795,0.6227793542282137,0.1587765128893398,0.3466649474089117,0.7133846675057735,0.5074459827512514,0.15762182749960815,0.40288756588393065,0.5971014251245043,0.3885570761699103,0.28704032118008016,0.5397107914217193,0.17804196989857862,0.6800253829238541,0.4518976808040538,0.5040261988068514,0.4210090899262016,0.5043381484345757,0.7243111439366714,0.6844503640633864,0.8689277136733502,0.7040524749201716,0.22927418902720376,0.7287738181486292,0.8146528522399312,0.6483582364958238,0.0,0.20290786587803353,0.44068877269530277,0.6938739683355379,0.6741674314498617,0.737103773231406,0.4075153283347717,0.4290767572172025,0.2996104607302084,0.3849204068257898,0.6481959321899725,1.0,0.8284998329275051,0.9746561147860867,0.6221077131219696,0.832358581101283,0.8372783199939646,0.6719744788265214,0.3709711211460081,0.5426924375502092,0.15659526011104777,0.18976396190447592,0.6087739555543238,0.6719721367132524,0.6255254039870276,0.7324746884753157,0.8656093770487613,0.5519855396540594,0.6298766407258951,0.6242466895175321,0.41731543377700536,0.35171949479753256,0.6510113239370453,0.2589177495163051,0.6266783459021279,0.4826614145070946,0.7860586993565312,0.7398113635038119,0.425860721292886,0.34202016399058893,0.6843030437335351,0.5352869515724851,0.5524756903349813,0.700793158034491,0.4965503814491739,0.36091053109241994,0.7322321326702667,0.6472734317127173,0.5823972090276938,0.8201570498196052,0.4745744351149035,0.7228150146673351,0.3864707312052687,0.4110360262037706,0.8505200309717231,0.5449437309309257,0.592869385769039,0.8296739547736259,0.5487194812233109,0.42912397738491265,0.8112109067028719,0.5308474303028138,0.481134033513849,0.9278625814961794,0.5582433555840715,0.6708825585264618,0.3592427375127435,0.6193577165743367,0.35284193177272677
2.0,0.0,0.6723841637886541,0.46254188848371497,0.8870273038449381,0.7201304235201386,0.7148364510287039,0.4945551542984859,0.8612847998981246,0.7463763336099436,0.45159983504067674,0.2534219032393951,0.2907320274028442,0.2465693390782856,0.454709243669571,0.5454359879152849,0.4227423935048064,0.48865618748941253,0.8087892867363893,0.08235387231764882,0.7495078801107082,0.7758941793700223,0.8669419522849671,0.5328816521729531,0.7442555173796787,0.5890425162428427,0.5402308940889532,0.650436152800705,0.0,0.7776824614895889,0.7351419031882632,0.6042944385366336,0.4582797289705946,0.8546764499662914,0.0,0.6448735478299021,0.6946073697865867,0.7702573636550649,0.574534738750218,0.5768074821506276,0.6941509395743154,0.9437329463121387,0.6821627826187301,0.46601073525007763,0.5272107447315967,0.6435708077159739,0.4995933006696667,0.17911387831278897,0.07590596017344581,0.6571388401371057,0.6686236168002907,0.6882411440195537,0.21970960308813825,0.21903557521762557,0.8138618115480899,0.26179291032882945,0.7824990556370499,0.7919547987307561,0.5366806430758593,0.7390224345309844,0.7136144971162501,0.32412659797804483,0.5719436085547549,0.3162258002937758,0.5771503934651517,0.6847425523044319,0.14534390451566698,0.45214577777493814,0.5269874434406894,0.550870416414253,0.6387645433280594,0.4287056480078647,0.30312199957489433,0.8725027236506994,0.6227621837071643,0.4544567195490445,0.5156398871639585,0.645503944761291,0.32526071857325317,0.8049940602263391,0.5627680892216991,0.6277497317124714,0.7778376662264861,0.1341129052291514,0.12540127340951857,0.4796653806660644,0.5834783657370983,0.5787385363018017,0.6396930841334915,0.634803938315461,0.6498550850180407,0.5468786433972411,0.4459795590039547,0.40702684428108277,0.8526168899015495,0.34029739373809237,0.5371663729322429,0.708504830743721,0.6504167351322507,0.49366880932067275,0.8199850480480999,1.0,0.5807910396681439,0.4784283013118197,0.39662017643972153,0.6155990124953264,0.20005207127754313,0.7383796522154493,0.6635172837086305,0.5061204766175483,0.5499752886270229,0.6145414353436834,0.7832216195130306,0.738048418743433,0.47894299116879646,0.5482294622718501,0.9139728860212754,0.7609236116974463,0.44184567979578854,0.20235902698666652,0.4441679525762111,0.4657753965929951,0.6294639967520392,0.19438536802635745,0.43879309813360734,0.3819370605637353,0.663461464979642,0.6998597431203863,0.6329279634927701,0.7143707717060956,0.669123454384404,0.08668062551880974,0.5598531274682136,0.5544709169829585,0.7112912221828999,0.7155828825882224,0.8603615610732646,0.731197145911249,0.7757233319259879,0.1993252948489539,0.7801184169032914,0.6847363192045487,0.40384765838762493,0.19620890228809706,0.6109027954782028,0.7020894690034402,0.5569018933560137,0.3992063112486255,0.5166412547886798,0.31354211697283274,0.589134242215913,0.7647102924290717,0.5467554005238447,0.8697945767435201,0.47230874402441064,0.25201466096809294,0.47370132203427195,0.4000378357076515,0.7700653356550291,0.6182619424204836,0.49356122368227356,0.4613628180167088,0.1648783850967891,0.4765757024225706,0.648697244494721,0.5253710974226894,0.4562028504680127,0.6386605351948746,0.7459463235210372,0.5792061642523543,0.31247407060941906,0.7493251972574485,0.12598184520623235,0.3235812581331031,0.5650085670480807,0.5910197081166608,0.5715967462877481,0.5971200778752951,0.6576172976620032,0.25152128252514483,0.5898384578111079,0.44828530910719333,0.5280247963969819,0.5137540666384959,0.768083868173498,0.497456013104259,0.2667828195806626,0.6383620065234306,0.5978181148949604,0.5520541042330018,0.6000306404453275,0.7762840511120317,0.8749470139800435,0.17587797861152912,0.41810009180538404,0.6805116958709639,0.7356744373041525,0.5674882134601565,0.2555796446578348,0.1951639244183658,0.12988988121668732,0.9162937756789259,0.5243350675368599,0.5557622811940394,0.681182553925872,0.4087212056901221,0.31031540736399404,0.7976491081305201,0.3861155235804812,0.7896839853478855,0.3316479468489625,0.3855201218341329,0.15597389970217662,1.0,0.551922888114944,0.4627453828223722,0.6744114941038498,0.4626008489274995,0.5565400532859632,0.7924530680391699,0.6101759447321835,0.4270679280931185,0.13925561751190466,0.7993947213524565,0.677117665170889,0.7159151539327654,0.4301677837791595,0.6633124969589754,0.7882966789708088,0.6314809109761752,0.28128408079473854,0.4435970451383246,0.6758023154793864,0.7545863347528651,0.34325162569971646,0.7963933903340372,0.506140772417849,0.6316632638162432,0.3810883187891299,0.8374919060370647,0.56321602425137,0.49609308756573545,0.2767003822757667,0.3844837013334058,0.7709591711936795,0.5841675251990085,0.3927137734376016,0.0
3.0,0.38530282726529036,0.3714843444400603,0.7234241027138656,0.7987465848440047,0.5188161551645206,0.4404636748330457,0.6705898960926822,0.6536559492807059,0.789850060930803,0.4469893061024508,0.34253277769665347,0.531628006410412,0.2720029783263421,0.47655024853184424,0.561953707320977,0.5342363059370301,0.7905462064744445,0.7646159851498368,0.15390727109403346,0.566878611732267,0.7568302191711782,0.7670469711794293,0.5093129666182813,0.7548594861042508,0.558660259540534,0.6051840001473222,0.7751606051397526,0.24987732662907863,0.4923379464762159,0.2965629682872756,0.6950111392546426,0.5085790349394207,0.32848277504562706,0.6518540528971496,0.5955545726565785,0.5145697883583616,0.6633624110702502,0.6095637821149937,0.41277161289046593,0.5080967961934675,0.7043687196659002,0.6515541700890485,0.7180982770290797,0.6068449828679908,0.5882162425377887,0.24604855394702355,0.29927108223179816,0.2628313320460686,0.6986894922213246,0.26782204208336474,0.5310250241217848,0.4089354849348645,0.3047786826299726,0.43395500457413205,0.3592414297302933,0.6453929044851653,0.7300542747349593,0.47950914455348226,0.7007134436938373,0.20044117620355323,0.054335002598805894,0.6075534621858727,0.6603702778427147,0.596925438702003,0.6022408573492409,0.2834301805586939,0.44968108577856175,0.6382730464872676,0.3296432372575937,0.7102604892550799,0.47630403535742916,0.7856777880591103,0.7088588749955357,0.5077943604604847,0.6551578907228275,0.4520792751689704,0.4770532878087784,0.6177525451874847,0.8504666228138636,0.750919747002006,0.7162214520506035,0.7643821348664168,0.6349571390844662,0.4178318576503214,0.6577852213419182,0.6342012086254859,0.5291899745849906,0.2773476716803661,0.4409474230108684,0.2564611122375565,0.37419832607496784,0.4507052248838414,0.33703876401273186,0.3788123160693538,0.3424847933818164,0.5046945740370987,0.7076730656535405,0.5227895715793415,0.47912573001018516,0.4849469645024886,0.31158427894767854,0.3597203143095436,0.12444377455358827,0.5628114190137907,0.73998999834492,0.4546314932981669,0.6720950053846132,0.485253654763661,0.7763360168750865,0.4592577147264976,0.47468065131771453,0.8010430922995009,0.6069536985572718,0.45052992105886525,0.5743398347041796,0.44800936156053317,0.7769781863580403,0.5737122870727385,0.5246143386180853,0.6625679221207494,0.3707265797725814,0.6419665130151907,0.26816983163259206,0.37774736112309876,0.447951778013517,0.5122270234593872,0.5796747369582886,0.8380327720729649,0.5452313468003949,0.6752349675297482,0.5307692002371435,0.4512966287037583,0.24697529669620305,0.5414874182328532,0.6351779006853463,0.4213652040179755,0.6977198685220651,0.7929995423514205,0.37512695374141397,0.7748913077387964,0.6321836347645934,0.5056746929217258,0.51118644348605,0.7304297722899901,0.7455338176375638,0.4576632718977176,0.5608009695769567,0.6136486688177614,0.6070378808386435,0.6684786334447346,0.6440153594506641,0.6190752391207269,0.8905050234147149,0.440948938844266,0.1587765128893398,0.436768305886061,0.6792561797165211,0.8567785439581862,0.4863845498609236,0.25476342952834835,0.44169709634147303,0.40104303247980394,0.9384579830161899,0.5318057353041051,0.20757554553423174,0.7187983286096207,0.3743819540781389,0.7447868789975124,0.659750779491007,0.6412795628809956,0.7383532150966091,0.9503782892763556,0.4804062338392475,0.6503132640407856,0.50421416693357,0.7348341550518313,0.5277737417747265,0.5093773729255865,0.1909790071175358,0.5202526383198425,0.5961750480009295,0.7336093801990154,0.6534984088437196,0.5773270891564419,0.5137703689013197,0.304446403707012,0.35483406832132103,0.5125852935245133,0.5381325467804091,0.4869650012492436,0.687126174006387,0.8325348993587313,0.5787280262316588,0.5188418971871497,0.6938038091649847,0.7878438797546052,0.3986295904915459,0.5393243137571953,0.3975552182635531,0.321526858613915,0.687608581972948,0.3394072287051855,0.5161741932227856,0.9156130783900215,0.6942894420902986,0.4859791416145343,0.6432268265824155,0.6421897890166971,0.7782472555757359,0.27943380161504067,0.500039363210232,0.4339403435026561,0.5878651953894217,0.6094431861364864,0.7882601819986177,0.7062776220330255,0.6649025539191172,0.41824721794403835,0.5541838775522608,0.5748732941697603,0.48307734742245484,0.5108669474563559,0.5469088098243092,0.38042142399970885,0.833549943126235,1.0,0.45075611498944607,0.7645819720356589,0.6637016399671475,0.5439306722020936,0.6116553802983992,0.6749701933837148,0.7234658645332481,0.6205146474279021,0.3977105963575258,0.7249738656857145,0.5656673769637344,0.5146238414271174,0.8406875196039408,0.5571986561337009,0.6309804644483507,0.42013331608267585,0.6580701417578511,0.8268384716316671,0.6918131585835963,0.6067562030448098,0.37445597548001847
3.0,0.5020819987704216,0.4932604202604294,0.6618615269771903,0.6892639341272738,0.4761655787036163,0.6020356194197071,0.6859737718234674,0.5188408555694146,0.8023765729988075,0.760500642628365,0.14884786000101857,0.39905207732144143,0.1690755187487012,0.5419982954167016,0.4789984307556724,0.7087111584848126,0.5378514717524249,0.8741248829821155,0.3953648975853747,0.5185437863145359,0.7853614222982952,0.8353765526570955,0.8385140668235563,0.6580564539420328,0.34463294029507824,0.2966348920132059,0.7177836728936486,0.5619190010032554,0.7326320281016938,0.6274841643106686,0.570382503272979,0.5024792990437282,0.46733252464809777,0.6372421675355793,0.5306362282778364,0.7554604124954845,0.45379000094465716,0.2636577334719575,0.240566583691146,0.6969575471686211,0.8982352198186134,0.6038167021462779,0.6897636351280914,0.6489305873950152,0.5533795475944129,0.19582824416919264,0.3189707449242718,0.025859721430313252,0.7474921058204487,0.13329971630239237,0.4859512330052406,0.8200385442445337,0.18939871420222396,0.7723091693943608,0.4905242307933347,0.5740584009880348,0.771970327294752,0.6355619066861202,0.8430916038324353,0.25486384109770255,0.49016960857383896,0.5211204892977032,0.40340605804875557,0.6943779216638759,0.483458841958751,0.11280640725272084,0.14083646106101483,0.35614582676678896,0.27600676040214045,0.6491497030780818,0.5021125924739084,0.8400033983780126,0.4004248014535043,0.49069861147308014,0.3212193259267588,0.7514461580821331,0.45624279387669686,0.7137695355954863,0.9085649756101317,0.6132046170754284,0.670623322164133,0.7736028916496068,0.3219267265319218,0.6569807170150394,0.6158773396315529,0.5273910841773266,0.5754660781200903,0.6119417776861807,0.44497752281722913,0.5179407228524384,0.5215808945085436,0.6417311258826586,0.31694149598447263,0.6315495360496886,0.46949450350494054,0.5952624013684253,0.6922831017026523,0.6007461669901847,0.5170281321291325,0.6493423685169741,0.268652341909618,0.5213224831268051,0.25586597139076456,0.6054731185325049,0.714189110773781,0.675618682228035,0.18677214558171742,0.7694734009989909,0.6815472977097747,0.4394498803419819,0.3919718934368108,0.6953802126344207,0.5081213902285995,0.5572576856758956,0.718563888781244,0.6394037385161531,0.8566781627722716,0.6132317458031984,0.5288588541352909,0.7494513943925117,0.0013073343055745362,0.7532964042626077,0.6687012731850839,0.42531434655595307,0.5039372238066762,0.7218022109697689,0.7465687250553172,0.6046478113998608,0.6556198820224206,0.5475182224153701,0.3178864242740311,0.49132149402940445,0.6500911337459117,0.5131669214906781,0.4728057292211083,0.7807929094098793,0.7200292209294945,0.6207816631338983,0.4392514050426942,0.7681156975079123,0.5221864999434758,0.0,0.5393665553400152,0.7879756834178888,0.6418644113599616,0.5330724383067715,0.799013555794725,0.6440449996230085,0.17240933359480745,0.8029451863792768,0.6826750760425742,0.5676660989111663,0.9525462699008879,0.1133009111876269,0.46062067076946583,0.36867565483110765,0.53730469401452,0.6605734249280873,0.15206750405295852,0.48875639401124527,0.17543327496497912,0.35945422606357547,0.8931819990944724,0.3957328171546902,0.8350825915633763,0.6701004488562311,0.2614219218826961,0.42769518134516005,0.6027818225853289,0.43311140911207463,0.7466140065483826,0.18789623062948987,0.41011185802751016,0.8035916024615338,0.38838288375478114,0.6422914722310998,0.5583366122106945,0.3679996066166265,0.04117085109416975,0.6601797504773725,0.5234608767008884,0.6628450871040099,0.5319301330265058,0.5230324734613107,0.7604671480135271,0.3314490038186009,0.5880908700165606,0.33020010502519104,0.415089929083252,0.41983907815714383,0.7783301751067957,0.7593340851363103,0.3573420519265474,0.9259206574549605,0.8329454323427715,0.5728914933331204,0.14499844742608825,0.6004166414319535,0.1850852706429181,0.3838851590840214,0.674971695732538,0.7963246936602814,0.7807578831549382,0.632837727865678,0.7881925259488413,0.3281451625844364,0.6261967992563519,0.7657164077903118,0.6461480066840517,0.4453930449957892,0.6537862755617934,0.5612639131860607,0.864494964110752,0.6617139017588456,0.5240676621700587,0.7203129804365221,0.7429888753935496,0.2635026479156413,0.46323441524909326,0.6824569165588671,0.4583450967947037,0.34785353218000825,0.7464915258511855,0.2536657849137209,0.7801965584092723,0.7551362824588125,0.5931314012752116,0.7380804254382342,0.4662643423231554,0.4193617282289232,0.5615878033116394,0.8104708090924244,0.6652912562139213,0.46461669686806556,0.8679337506008376,0.8234194099325075,0.3486355974541624,0.6971500516497657,0.7603044930327227,0.6016400921328883,0.6067881993777782,0.7443503568073053,0.5445549997738625,0.6426863718347113,0.5571682629643228,0.5088190768822746,0.42553002777005744
3.0,0.8763658845711652,0.6294540409239184,0.7335769986783062,0.7280505094939461,0.5735749805761754,0.4175646707184799,0.48876030053680025,0.6922981477831811,0.7425260992165983,0.22242698557710588,0.7644446461267314,0.40521937712116496,0.4788889521345335,0.312580070629176,0.5870397288302139,0.4024420970426188,0.4931829406612118,0.6000077350300512,0.5396509157312519,0.5383217335573472,0.5575219403568032,0.7816363343082612,0.24210776835212167,0.5412717914124969,0.4298841427005353,0.4957901131408558,0.28416723136009425,0.7218134681473412,0.7157039818307084,0.7997221671758576,0.7939622029744974,0.5990983668242157,0.4276100730354934,0.706918563677589,0.6476843317954359,0.39429259694582225,0.7106999473907956,0.7637442637691766,0.45504796894267135,0.8800911293257507,0.7650881694835666,0.7947632512824983,0.7293317994106089,0.7553672479013847,0.8545388339631989,0.5371171632715804,0.5162566864175718,0.3009052788197061,0.6329792487029958,0.38462386301535045,0.6394391705910925,0.6606865912185028,0.22359181187823934,0.22320618694816347,0.6516099678064811,0.8815626669506957,0.6033945804478366,0.5862721626382814,0.5633980888722592,0.23480276477557002,0.5719693427869618,0.6519192797296317,0.7350184212056202,0.8132804526021664,0.819028960834901,0.5169815531772629,0.3351349468015087,0.8455381682172527,0.42699237563787135,0.6442057335329203,0.2806071268012762,0.73707965391521,0.0,0.23641725206552272,0.5279710550011827,0.08804879547433181,0.6985217383952336,0.9983967012473077,0.7055340526930088,0.8710615697033413,0.7368947243959015,0.6004641027711155,0.8653154591065263,0.15207998111425905,0.6045858653627647,0.44621073355395496,0.5291899745849906,0.6115246730625378,0.4984237846121566,0.48003592394829475,0.48693859293777914,0.6966110225009475,0.6634360681629268,0.8080437410618526,0.6319573184082982,0.5531503188118287,0.9115257828531416,0.7555802557239761,0.48254940617071923,0.6292261339240761,0.49561060170715604,0.6682497634001153,0.33700128447311023,0.6617644689602282,0.8557481201509046,0.597953743468686,0.34136732127539077,0.10519127733238472,0.6506832774960788,0.6155497324730174,0.31399366947745905,0.5913953063052998,0.5124972298152854,0.2563391946415984,0.9707683384540948,0.8838745335500939,0.6192493880351551,0.6216686767346713,0.6332262554777331,0.9510109328095819,0.752754448639051,0.7899832866375361,0.8206300994482755,0.2565446663767196,0.5994657323127308,0.6428514954431044,0.6783396874878802,0.7690980602607123,0.7244834647662451,0.0,0.8385325489381096,0.5097490446803982,0.7675995418756033,0.7928441500079528,0.8920423050556163,0.08261125058736035,0.7268611636919636,0.49413502007199994,0.5502985732743881,0.8696907759586007,0.6526602804785696,0.5196118140617664,0.31589558677905594,0.8896140401622447,0.5161309160882757,0.5270404775654294,0.4418664004522988,0.6140601777315647,0.8649464251323599,0.6284000077646289,0.9764172729354462,0.5258488590153025,0.9037858495714824,0.4549102500035156,0.4881355029880394,0.4665990026713724,0.36452402139866397,0.5874278258587972,0.6352128020255038,0.7006640393346276,0.35842045284808083,0.27765043392107674,0.4668934499603093,0.6598818383438689,0.3144282170860598,0.6669661245460491,0.6562514732672825,0.7471034914977935,0.6682220331871447,0.3222187655917754,0.8016479025993469,0.1334066569109629,0.7422088253922915,0.8193108589008034,0.4305717026011197,0.8764688609190052,0.3208859297952064,0.5417173707098036,0.5925430461782054,0.6211259843332055,0.32351172848643495,0.5917741394314947,0.823324686080092,0.11630429933421908,0.491771940206436,0.6265705218575816,0.4051435061579938,0.31738213849263325,0.5823899691975717,0.37337325974498703,0.6222778614702257,0.4879278728983738,0.7362358151631434,0.4649278354056497,0.5601700855653102,0.6059685169823938,0.5160833255471674,0.5959196953282828,0.4028794902835088,0.2210205908234808,0.7109151054609836,0.1857662936443064,0.880413237999235,0.424780472752093,0.42711803435604373,0.4513932583105586,0.6455132924254612,0.4044422792636266,0.5291048522110292,0.39757952545718045,0.19845286019001793,0.28322895034304235,0.4785053280984823,0.6599932005686328,0.5778819893448804,0.3548516005543604,0.3984230722017216,0.7265723498180537,0.06991202994966182,0.7847543533425427,0.6746639794594413,0.3595739354663703,0.8725037770086594,0.21634627083639726,0.5032739976344721,0.5109920779503387,0.3266975802166612,0.8551233198689586,0.7302655867050434,0.5538276615454183,0.0,0.6964887834755286,0.7525442606374784,0.9219731199115901,0.2756513219026556,0.5858489692252722,0.8298779517998495,0.7037005261263536,0.8925103420461837,0.54210437649317,0.7144952749995391,0.37755666683454947,0.6673719165339764,0.29216855064168945,0.6518295702777399,0.5149150326721853,0.24223215871018297
4.0,0.28553002295820273,0.40438819766038187,0.7021208397482163,0.7879127710719251,0.0,0.11207505608338972,0.7381507291288868,0.26139166639784467,0.6422037586888096,0.5191815715269279,0.8418200718605501,0.810509725164928,0.16020665750118582,0.670853343592501,1.0,0.09461242867187314,0.5743587723850522,0.33278125369289707,0.5978937878252971,0.5448456993758538,0.7636557338292453,0.6295798001354967,0.4585172632492987,0.48209594788792237,0.43216905548864026,0.19278618201185335,1.0,0.611092499203215,0.49194859432575805,0.4345455942453902,0.3885413557212827,0.3755362343459684,0.3217484553445447,0.6663371086578486,0.5520379186067772,0.8202767805786974,0.6195455837795949,0.4180022664044051,0.4165951828630024,0.6384465508412954,0.647540583123418,0.5295684907877459,0.5560285388640117,0.6509513775477235,0.6217899556090144,0.6171287235082992,0.4561361274816817,0.26132073947113715,0.786528430976215,0.17960708763035932,0.3401391497168601,0.7157300905845633,0.7112845184313589,0.5669552311802598,0.5510731225874747,0.6961224645529687,0.5045337148019525,0.7965105299214463,0.782798221351825,0.7876927299436081,0.20535429984986114,0.7085467083254537,0.4514667015330067,0.8740305143071643,0.9196257440134872,0.6365943511564625,0.33767918405006775,0.4202852006630557,0.1546486067881228,0.47699224879763064,0.37409177060584253,0.549480371116909,0.9978375964576077,0.6665363202632065,0.5871938628805948,0.5235614905250752,0.2635587085737114,0.43499106554686223,0.8252718601196324,0.278659138290636,0.9868406086947115,0.5239281021365021,0.2416843483439774,0.4971992371341221,0.7081895742940888,0.5112441884466377,0.787610171205757,0.407330833640921,0.6148615559036684,0.0,0.3752475055997827,0.45095257979154213,0.262979682789932,0.2628676589510595,0.40640709429456456,0.5533181741751594,0.35300121148508073,0.48120628392744896,0.7298415607626799,0.6836840616558667,0.25850035962850065,0.5187909340336777,0.0,0.521140477596526,0.9655645556964272,0.7311717345046013,0.6140304671832496,0.7451218413115235,1.0,0.4460602430737574,0.36487216583983956,0.6724440308372313,0.5361048316259721,0.5923530872828165,0.5172758635828535,0.6411857145163844,0.7281528476720085,0.5401528986794414,0.72912026430202,0.7726932929284437,0.2763989811658332,0.6807889189850551,0.6128795335061741,0.6260554072908077,0.4043077642359749,0.44971173372729933,0.7456463237292154,0.6286241873318495,0.49455243749021405,0.6591801774371618,0.7915878259015819,0.49701105368594795,0.4459853803929913,0.45529445615313435,0.572064823744504,0.2072309183270752,0.8232959621194665,0.8354799728753867,0.26091185517405796,0.7983472835282637,0.4668701656350898,0.4530251175925792,0.6638405126761452,0.6068459586942239,0.2873275214897683,0.6795039977386592,0.6604839516625057,0.48385994147582667,0.6053787584960465,0.3826012813775266,0.7529466300645621,0.7040417400283329,0.9129721502049424,0.651459308242084,0.20220565122665704,0.4526278788724973,0.9673172473736948,0.708876495837603,0.4110893728412066,0.5680727966000427,0.6955904188257971,0.4679170182990763,0.48848852405023824,0.667989400876178,0.5088682525614178,0.5285624494165299,0.5307965006967196,0.7368415779771018,0.6102437789672275,0.7023444408044065,0.6874964647744003,0.678891561068961,0.8069691759522805,0.7307069224322879,0.2729626586618331,0.46985067184839385,0.7119554306540514,0.6890356541512612,0.3449964766773437,0.6547690797580135,0.1390501737046788,0.8399372105446697,0.7979381194574509,0.705369324186114,0.23578740802611914,0.36850184622262844,0.5053103666639285,0.5154895366060709,0.7036771461956539,0.5833341954575373,0.6187096192994171,0.964826920691557,0.5340523512277016,0.6726001301113633,0.7912615915710964,0.7264487699713735,0.5122418752485642,0.5989334874379814,0.2296842186349966,0.30331964614812224,0.35793428502953484,0.19644756459969914,0.2715312895708624,0.9817222251741645,1.0,0.16824416483701,0.6899062624798704,0.6069781601865938,0.35801067100692047,0.45437210437511266,0.4662943432283616,0.3159927698908468,0.44451127289002546,0.6023051899077094,0.6935786707732131,0.664961372275224,0.1626823003507149,0.38625242546164945,0.5439652378150982,0.5079421796663074,0.5940642697900843,0.9010419642841921,0.6547376852291309,0.20044296274728285,0.7741952066402522,0.687301734043341,0.2065656409724295,0.7946103673223185,0.5833286232750831,0.9686830461802045,0.667552833454059,0.7776648421736729,0.2583513957346946,0.3670634320908918,0.6399065672830372,0.8894062739874701,0.35065733185309744,0.5803114448304312,0.4308166578407111,0.6571550426929719,0.547159396215486,0.14015620007878582,0.40844409620920447,0.8143543345566904,0.7536639256208423,0.5234598752638471,0.5015691930609081
4.0,0.3582030583016806,0.6268683064073455,0.40200537362888444,0.7327362532217822,0.3633214435048233,0.31441913351588213,0.5141131592849238,0.7983036995215546,0.8423732607527282,0.5440018961956423,0.44632063668131366,0.19208726482088198,0.20357309860698775,0.3470804164518004,0.7190046134427746,0.7397642762587651,0.657799104788513,0.9169819277340119,0.5218859299127829,0.4565706443567283,0.8379408011381785,0.8774184724813966,0.8683537803507454,0.5728130443027527,0.49367706059553423,0.19324895541015114,0.7546629205778675,0.1721054934683745,0.4761272513893903,0.31706493133598257,0.5647297817587146,0.3277340844107878,0.4743739109273191,0.5340504902256663,0.37226226672685864,0.6510766624183817,0.684815183725685,0.21074185114177024,0.3855177372695942,0.6081618423735665,0.8286626026492252,0.4057242365712803,0.22900390695957337,0.37912642826020304,0.6054516261987465,0.25354167148566736,0.35520947239575007,0.3993953665180291,0.6799439586838916,0.34708753301627404,0.6015960051625687,0.365155557604671,0.15486953782674215,0.39833923172689145,0.4035935929078753,0.6231219715230981,0.9241237671936541,0.7515979776838789,0.8150062814090142,0.19827324394428672,0.3285937127030337,0.618881590394255,0.6614503307273989,0.10687029504976137,0.765189492684076,0.10446929026159087,0.5223322609177978,0.5300595074104026,0.2382861365146207,0.6561963801148009,0.389844797556911,0.6605980336329208,0.7742843334731366,0.484657346162951,0.7127534464562737,0.9107964494799826,0.3345152010460714,0.4117257620494943,0.7682661288638186,0.45563446878812297,0.5898512980466893,0.665525270337499,0.7824452623597034,0.17427930039340317,0.588711789732515,0.6633064157771277,0.44945258989814024,0.5809554378015229,0.6172616773954149,0.5884487352702953,0.2930165955775849,0.40669049062037266,0.3134561166557101,0.6397592235099351,0.38518118550162533,0.5129186606073644,0.628281105914116,0.7345186613457569,0.5485398751379957,0.49533010741602623,0.3345680560717735,0.563116113594714,0.2024901632497515,0.4555789670475276,0.7050019600228506,0.4854816087432204,0.598570656703374,0.4598844718969951,0.515819777150555,0.30099704287619017,0.22549776836785776,0.6332071063454481,0.5495755124350988,0.8111020431154041,0.6902554515629152,0.43223967766618737,0.6228111607351433,0.8076683799064325,0.45502607831581876,0.6617604203396205,0.2852224075296819,0.5607012019118288,0.07671735095247703,0.3698498444037957,0.716796015138492,0.5255254628037213,0.6940742002626575,0.6718907161285905,0.6210731481695239,0.6430305364380382,0.32492012691690086,0.5565850896205267,0.6060985942689857,0.8463565846503674,0.6165193186079625,0.7349918791305584,0.18071231692415696,0.5261555381251338,0.28074881334934004,0.6946299364775268,0.604525048256553,0.4574553863348982,0.15092357601953268,0.6131734775899889,0.7279958195224079,0.7176288205624887,0.45813773972253186,0.5203706034451052,0.7288049380701821,0.7246438004543965,0.7620485182687172,0.721190905163782,0.8925974700382062,0.2796202963916717,0.19430856551912717,0.6321387123507817,0.3795461118029342,0.8742732783472136,0.43223563742228777,0.6645730150613994,0.5942023535733426,0.22241597622268833,0.3000594815579967,0.43747684158524003,0.8366177562703282,0.6739642156323319,0.4012025470966301,0.21221373047588193,0.502851822888926,0.2569997068622871,0.6512481626029812,0.1214210894535527,0.4804062338392475,0.8342682549004969,0.0,0.6129757835164178,0.6307349541106341,0.5397049764611722,0.27577358446401984,0.7229369839548948,0.4509288802059565,0.616562707293523,0.36599943616751707,0.6814172690311703,0.36428319293788014,0.397095639249121,0.5507893818297206,0.38028568263534546,0.5692569213399745,0.5977597663850108,0.6810826962051173,0.6788780578281888,0.4905912822178431,0.7596600024854572,0.79463125716844,0.7059025999136628,0.607959973874385,0.42756604036293755,0.38664116978661806,0.36439899453740404,0.6734940638341022,0.7785136992454048,0.5339802981221977,0.5444130197388045,0.6146604987519214,0.26225004037004823,0.6595067955047158,0.6242466895175321,0.6952555968219138,0.27028894608584625,0.2298710810268385,0.5618947050376147,0.8416500988478981,0.6703916438816793,0.7809194458585307,0.9249380688457995,0.6101598498677725,0.5185449897047237,0.7807679602248607,0.5567609753713902,0.4697979961587771,0.2602996324650883,0.5739111941173229,0.8766556817724042,0.7351067789305584,0.9380863106301628,0.8590921261312188,0.7874344563122825,0.6569500664920671,0.6815339150649211,0.44742355449590376,0.7172115626502927,0.8498042187593229,0.48424942209854477,0.5010637738128522,0.6538501732341883,0.4486848656676134,0.513258953996954,0.5455845287751087,0.542371513476755,0.49609308756573545,0.5707303924445432,0.34741254033700436,0.35764223453047506,0.6850978898607587,0.5471528272199065,0.15896317040759447
3.0,0.5040693918422214,0.46867589280902255,0.27674938884783706,0.5937616581128752,0.28434745531426925,0.1492066457670451,0.6266882393254398,0.4818249581325482,0.6162605317636515,0.4053985420796719,0.390865465749192,0.7095751801416089,0.28507977271908,0.6500705291298288,0.7863936036026807,0.5272707548267739,0.31111267492332784,0.5584439474387829,0.4488193300920971,0.7883799152154694,0.5948515435380445,0.7052564709809795,0.8176213820311068,0.389175475415297,0.4662072312738763,0.11274489140702089,0.9603716236154038,0.5135307713299161,0.8471278010239675,0.4380624351686177,0.3032303778279838,0.3000909278097249,0.3709661198704023,0.6370383023618951,0.19299460101065347,0.8688597795051513,0.535626995974351,0.6347221005917348,0.3023747073789452,0.6170899266690691,0.5477121913692456,0.7919230112194099,0.28581665448632115,0.5715054665801033,0.7327628673990909,0.6199204233741228,0.47921436633816317,0.2767381849712238,0.6740380612187763,0.5606981760018739,0.4879076231685655,0.27756988154355705,0.20226033403572746,0.5685727075958448,0.43459658114597294,0.7176604113058113,0.7637535382464685,0.7718620033883458,0.8277428294946164,0.3293196406787835,0.46004689041783925,0.6588072854461261,0.594974267583728,0.9797771394060536,0.9570093144799598,0.4914248311704538,0.3019689865969373,0.4407422014968382,0.17722392204149606,0.5705282541813999,0.5690636595797359,0.566854727157328,0.6840057127505061,0.4661400292035792,0.6808783575556456,0.6975860341188377,0.28803224823658047,0.2667480852029068,0.6954278243699251,0.4442491218761264,0.9000775959165401,0.4542314490142099,0.47341160214353156,0.029999876785574198,0.5893169290571686,0.8027481512135377,0.3007232390977229,0.263023630748608,0.17419714560936092,0.39976707603838174,0.40400378704653295,0.30597141335982525,0.33883284851379825,0.9402555915517797,0.5322196421465379,0.48291102306566314,0.5822644574057675,0.6529410111816355,0.7840913592785751,0.27322205833196417,0.16049773855535468,0.45758188194337807,0.056374553297569165,0.217559021206046,0.8439915663816422,0.2974223139768788,0.6311395877252464,0.629583002462699,0.8794832096663614,0.2118933601760681,0.5924682625915481,0.8024962298804256,0.8240238975606187,0.7353010269814327,0.37196841065983877,0.3920240911298909,0.7026051022138178,0.6998550373945966,0.4583604256062274,0.7764990039513859,0.35508405651562075,0.6433066393270406,0.09526997712600824,0.5011039860937878,0.4562222539905373,0.5922874611349317,0.6832977739699161,0.5591086831974513,0.6339612704233916,0.5481752236351,0.4834256842298824,0.40715180076215096,0.31175133296156976,0.050573738534316535,0.38854218224261855,0.5686093430900717,0.5825539028321376,0.7274830500541869,0.29303317716287275,0.7456745001385983,0.5176657691411177,0.4524277306939106,0.5297764362754462,0.6834519647881263,0.6253232339332032,0.30023868442778473,0.48959401299986927,0.6609972453666051,0.30191340296892905,0.3694789209999128,0.5084536324653895,0.5037065224121556,0.8532358220521313,0.6776266090075138,0.17353402561392478,0.36540371723156706,0.7911351345924452,0.7366079927665597,0.557428696901152,0.450375418071086,0.660812932311774,0.24671720640881264,0.17445193828826025,0.5546864329017634,0.3095733163131215,0.6140713045302343,0.27368602030143685,0.49505256118161284,0.6404583125991248,0.6009937826010522,0.6874964647744003,0.48599225269593466,0.24062237888990518,0.03727844204741818,0.2016056392320684,0.6041246084195102,0.6472558981629382,0.6447311683888848,0.7397298376163893,0.7254303332849781,0.4797655160334559,0.6238797354604615,0.8371685335897763,0.9055603596707654,0.14881055392054318,0.5776807227314475,0.33672711443234027,0.10368660584583317,0.6334802017808601,0.49235935897381344,0.9126663632983107,0.8829453597625964,0.3876127833002053,0.5692327939588834,0.6706594976301756,0.6292923380558457,0.5464749991199532,0.28415722357704815,0.20171558961790143,0.3873058989686363,0.38072415005281723,0.5045859826348347,0.472150262350321,0.5854204383467864,0.8649818292802203,0.8654220599909965,0.5551208254748409,0.6283794821092246,0.5804985139871295,0.42193863762908385,0.3975837471782381,0.30028221613147227,0.7206560845114368,0.6763919699057998,0.42035565706018574,0.6489362785187618,0.6398856518381272,0.43681706566510287,0.7245597406825005,0.6090279847461747,0.6004555959462967,0.5464822289155902,0.2062232863076144,0.22804421240137587,0.5387918461585149,0.9150918625224693,0.7197731479529498,0.7563359753517124,0.33299887071713535,0.9423784162707964,0.6612099932501885,0.6702158052840967,0.5000801828212783,0.2678232597158518,0.26988923121776853,0.6940959160007758,0.7517233103170753,0.4230988524329978,0.42708537063970786,0.6658239598372817,0.8096805902195094,0.3718060429526433,0.557359916640396,0.743208329294361,0.6038203220995603,0.5371725603681645,0.25039579106262677
2.0,0.9433381339080853,0.8103531791920638,0.46798729680743734,0.9251262756854823,0.6387350309301314,0.5015017745566013,0.6629050508852965,0.7534351271348468,0.8701695183472948,0.42405260386552557,0.34809639602217846,0.3245293703069923,0.42745808108475153,0.2906718673782351,0.5004168467376007,0.3982832123079225,0.34238915417791643,0.701834000569528,0.1439199535384278,0.4824369780938521,0.8456265086507906,0.9286311439212024,0.5530370339793161,0.78458053889462,0.8119199329725052,0.5580514072974238,0.5477401095006962,0.3729261434387734,0.6444735249183177,0.23279933635694414,0.2566506137634009,0.6414652452494108,0.36318027902858796,0.736531592059877,0.6627641431875939,0.6040579752864433,0.7145352679865602,0.6495003704352728,0.6314075969364582,0.8690387451310041,0.7122510937421973,0.5944069514163893,0.3706076531202398,0.526884605578321,0.6146332206008871,0.43672412452533,0.1772553568801813,0.1608181029589055,0.7277284561106366,0.3506768866158645,0.7890168098740892,0.7381356871673334,0.4087547238352973,0.4127053915952792,0.41702002200890137,0.7232159447183321,0.8171959127387199,0.6238935338103866,0.8590816155570368,0.8871127075573039,0.46893230914060874,0.7024643441956876,0.34300450193016263,0.5758228327751247,0.7351292000469593,0.1787420850475377,0.7134551334357875,0.5376505829870415,0.23392214994866814,0.0,0.3856439475641559,0.3100631019145239,0.6408696322495466,0.3930001038754054,0.30167723691213816,0.6429129346446496,0.1556945567340273,0.18667985558231212,0.6962575780971727,0.0,0.552123449045989,0.6001694908813114,0.38676706488602125,0.3330520650252377,0.6572855441243063,0.38291797851814496,0.31566434157766377,0.6883617018690664,0.8158856061671426,0.6416642544982657,0.147341962286074,0.5800855566562396,0.34590308610273085,0.28212065094070754,0.4068752268798892,0.5637295637875266,0.5268857141936831,0.5866539728454261,0.6411915405501831,0.6310129899950606,0.5933805092100486,0.41889260157798747,0.24232869721733996,0.34351851513608694,0.6199220439892401,0.5341583557387619,0.46431241349609836,0.4070519981040024,0.6254095334561974,0.36598460657459014,0.5382219679168851,0.6282809957350347,0.5836094515164997,0.4650540491506511,0.14494654005346413,0.4841204824210366,0.8853552960305096,0.6117764159352244,0.23304530660203268,0.6905522947795796,0.4058128124550029,0.6176216330949,0.3151786963329692,0.38108041403377846,0.5583017545719241,0.46578843961441313,0.7565340315985982,0.5596127469208595,0.2667472047808229,0.7169470826906418,0.1621826699864457,0.8723594233128171,0.800167738183829,0.979765490589826,0.6428409710788701,0.6726436687881626,0.5972390552070257,0.6510874361007263,0.27997327730915456,0.7266129337682188,0.6667501043213473,0.43469487791392797,0.3868214737184807,0.8487070514028492,0.3633463732185767,0.4949444225038636,0.4407912670612857,0.6240058926151463,0.8368090330478019,0.44348141668298047,0.5620821608307465,0.5180126241397897,0.9022784332421595,0.3463405669595967,0.4346758774375874,0.4557740573529815,0.2685426427419112,0.8671447286899682,0.6674451318904058,0.7011848811244249,0.571478470383349,0.22445440652486437,0.47691896989457355,0.6513289076673203,0.24063664181444103,0.8532447095157325,0.6340916237028408,0.438917398254618,0.5956647428628041,0.37574067263132427,0.6342762978194965,0.23573805968332567,0.3899966103618632,0.6906811623113533,0.8032776454284731,0.006918879958036826,0.3650924010494485,0.6280655664195854,0.25786119570402377,0.737161697017044,0.7042783873754387,0.6007323186121362,0.4230312811708057,0.5471246901306998,0.3391318166278555,0.3322241617260631,0.2977916259296848,0.44281840400412265,0.6502313898729355,0.5091329037340235,0.6899928139979017,0.6754960587669557,0.4992039791320898,0.4856428556131542,0.6336293974135143,0.6786203438611287,0.7818229121762821,0.5457109801774446,0.423355123211505,0.5230146741991375,0.6540642717387611,0.43880404157757474,0.6045878593661151,0.5253799311244246,0.5535628385499436,0.5574431742823196,0.8644140910516033,0.8097996253883477,0.673987093565685,0.43463317511521565,0.21505771874972562,0.33155743730472254,0.7251602061973806,0.6974233185645137,0.6991473322533848,0.7796430462486323,0.7318932126456379,0.5919230089412647,0.5100565933579803,0.5232493054067927,0.32793268074734955,0.5409301588892648,0.7757416587189992,0.8121963387768124,0.5951818508391253,0.5017492936194777,0.5518518210824493,0.8440242115691019,0.2362674803356805,0.281408808814214,0.7384533262497297,0.7885602289691741,0.5759361767827453,0.4332121499206715,0.41322904014064354,0.4856752893838192,0.6589978355216656,0.340518629052702,0.7282223985945229,0.48405627141741997,0.5679935481650686,0.2809006026966367,0.6575700502292737,0.8342067584358326,0.3046657906859231,0.48209168324361557,0.0774432627944318
4.0,0.5960025569953854,0.3598298948685325,0.6300723685894082,0.7138642430038551,0.22886240054662307,0.41893724406662947,0.43970865084057653,0.7695557438696282,0.9496083476559768,0.41794038253226706,0.4459129769212992,0.07518345703813445,0.2756293639342481,0.4025930074772345,0.22746158720318266,0.4981383568730031,0.8736946615535568,0.8056424102900498,0.5295593089533227,0.5771047699057421,0.7757655954458132,0.8828606145810779,0.6745851507805325,0.647578897124556,0.26973529111811034,0.09214278197192194,0.7315167071877717,0.5632323967216991,0.40928565221276425,0.3376998759558433,0.3172241194021049,0.46444816390321714,0.43717325550155384,0.28392613442160586,0.5122952033771704,0.8593582786871413,0.2625058719300714,0.38091597121411147,0.2185159184382373,0.7327637291368775,0.7985049462362553,0.7280838564865628,0.5073338447428237,0.5404784593321893,0.7612458989906828,0.33027170189290833,0.2711460240857372,0.4424685039304285,0.7232558529962466,0.6356373100085638,0.4679173481938391,0.7053524537105056,0.16702242796295488,0.6563887678294491,0.774282932851952,0.68275405346896,0.8889296531626819,0.5935776603225714,0.8968964735621033,0.44265644784639496,0.9748456828995854,0.6406330529344344,0.6694832010535017,0.24083392286497307,0.8072207250091125,0.5177502420080767,0.5113236660317645,0.330234768488019,0.2541445423721524,0.741884622480497,0.2758323536308473,0.7494739662614689,0.7550106635842442,0.5620002408651564,0.4386925900293795,0.6599814821673424,0.3035178249007372,1.0,0.7774528015863527,0.615586486581426,0.5652465374646694,0.7905490100238936,0.4904301633652364,0.5206568632573367,0.6224409650026633,0.5876809735523726,0.49196842885679876,0.7263759718572776,0.5228931027141186,0.6360941328702368,0.4396001540781882,0.11179282747829282,0.37535140425896346,0.9167774735803054,0.27667465107637673,0.5177966356817949,0.6457668665443334,0.718790278087023,0.6017221818058268,0.440951921294991,0.3627868887598914,0.4846559976165483,0.41412015810876474,0.6659897530462536,0.6526658730517907,0.47846668438453355,0.6787351241606349,0.41152485487825063,0.6355250636371504,0.6449343361572225,0.3766087218439406,0.6949270768911796,0.5415777887696916,0.7842292274098965,0.6546053132282289,0.5828755835922516,0.7460035651887886,0.5831949518173072,0.6558019320926404,0.6681729504450487,0.4846406462100423,0.7493057960947559,0.146639172879203,0.435628608382178,0.4776904873728323,0.5646155375475728,0.7517432819755261,0.47631517693635167,0.8878538438122767,0.47165225667964383,0.38760289796199016,0.35378290602971946,0.4720867878728415,0.7182839073468356,0.607613580609526,0.8363283350823604,0.7711896069904796,0.4844639966868388,0.17477822593996095,0.6984741091522056,0.5958410442911896,0.45978280665571963,0.07166382374028846,0.7805928241981007,0.8453638974359373,0.5556121878871562,0.5048112877391144,0.4843475666386762,0.8460124798628601,0.5764625177429561,0.855273467136374,0.726094224618898,0.8616013906137158,0.5858704098204641,0.2759532945222265,0.5393302031435894,0.20612364047301615,0.8041223045715121,0.8126760734539745,0.6223881298288676,0.45331168688219686,0.3205546964785268,0.41367788767866887,0.8552365619751543,0.5431271776069978,0.7844935137151238,0.5209283929425043,0.37098764287804287,0.751462545079535,0.3416717128510172,0.6794557309175652,0.13486606394024353,0.05928311308577385,0.8615620968614497,0.2774129288142281,0.6400106311816754,0.6356573438282197,0.5319467544382178,0.1705580568770372,0.8084104798602998,0.6728850505983635,0.7313350937932398,0.44955925276223035,0.6236347758294216,0.7703065548916875,0.09213897790776752,0.5780999772572667,0.2535386487061036,0.6091959260673621,0.46240077045577516,0.6286605593037877,0.506673066869411,0.33140703364003743,0.849436897674673,0.8077610133882065,0.6239404624192877,0.45920133940377755,0.5640214691151587,0.2456755008951746,0.47085983360910705,0.7856089989949643,0.7370086390745834,0.6643314700518207,0.5408256311924707,0.23291150624098353,0.30160732509146804,0.642428114697693,0.4979732410573188,0.8321404668904578,0.453187465089126,0.4357596083229116,0.515287706221639,0.601351715474876,0.738668679435118,0.6487492038267446,0.8510082375130108,0.8780740537703253,0.58709082255933,0.6703863056742945,0.4644211298792695,0.3365300887741388,0.22897706037630253,0.7642132461344037,0.33912985629537673,0.8010420434176717,0.82112739279452,0.8559009309786627,0.7990469521362112,0.15536709914032582,0.674950919885991,0.42033255751398546,0.7722911605286055,0.7613201751856202,0.3511016825139288,0.29486378353164255,0.5411175944847567,0.16765671829304138,0.7250065647998095,0.6240459098668999,0.5075595548732843,0.6484050848337712,0.617502978240291,0.4495159877088118,0.5959009075136066,0.40612562503824107,0.5501529640863232,0.13471223025451767
3.0,0.6366159901230404,0.6434485165116054,0.6122273917571531,0.7694559559716039,0.5021700478739076,0.5613387212316827,0.5047828195074046,0.7455325783345512,0.840238625153191,0.6099560129202637,0.3988114080762115,0.39135718051330265,0.31899580504005026,0.4986369695293738,0.586450132142197,0.522459534022782,0.7018347405103057,0.8831976684728947,0.39966218405705,0.6450948986828746,0.8077958860619068,0.7509730840806099,0.658988512408953,0.6158011325419207,0.47300182960608306,0.4677354814198341,0.5558334780646896,0.6459339178642026,0.25545570120832334,0.6495037908793343,0.5372421206809305,0.6425832790786489,0.4611174000512966,0.21792859210961654,0.42933948727675525,0.8513733581788233,0.6884678631592867,0.3307488620457919,0.40009165429666116,0.7860408098317029,0.6902317956099727,0.6452017091758582,0.5564915952103829,0.6160790967868426,0.6920312325044295,0.23474578224540463,0.252200690595874,0.061952386195762515,0.7594640069648267,0.4776956968909895,0.6082024458044105,0.8463302276875515,0.2366947427713056,0.5588798902630804,0.7392838815336825,0.6823040952067778,0.8121620406382635,0.5832278512352056,0.8247240435451076,0.7595272684589051,0.4236285093969606,0.9114797345825404,0.30492708910728966,0.32963611577509505,0.6462200770334839,0.5878730000082709,0.5233971468332379,0.6352422083318799,0.4103857985032437,0.7058478090261674,0.12349274747419894,0.4981077267890985,0.8413659475173833,0.5344583905352561,0.6207077029587464,0.7284130920759961,0.5168444238113494,0.7373706100386916,0.7930836439075936,0.5881466355688898,0.7274412664049978,0.5013421238158239,0.6716109783015116,0.5786362398809153,0.7390852551516669,0.5528508701514382,0.620772624360261,0.6553846511820944,0.5303437420714594,0.43967981828993086,0.12740846907376746,0.39843303851138134,0.3958941615849239,0.8615133321626015,0.41477141877737217,0.5860902397342468,0.7754211066991433,0.967260529214586,0.5933985978106061,0.7590575577150901,0.32670055497382033,0.6032476467199179,0.1671369333086567,0.6165261985780002,0.7785558338992618,0.6961279622713367,0.7927860390162651,0.5401306303876532,0.6046309183365445,0.6038090726846636,0.7111984987207458,0.48965801133063996,0.4773814533281161,0.6746513816786442,0.78893442257857,0.4531121230394843,0.7887646695527724,0.5290844509507519,0.5419686718658638,0.8283979821368381,0.12850127715099896,0.7267101711502992,0.10707938246155511,0.4847303474257809,0.5632816256719978,0.5320213526353519,0.7304927361239074,0.7392993130814896,0.7130200053882554,0.720283136783662,0.8199132164991164,0.5143202303466311,0.5034619068238552,0.5143684336315242,0.6248996940852268,0.6265329877364704,0.6197903743588562,0.5623970955893949,0.1799463488488504,0.7524528408954376,0.665223452460797,0.5600315406514637,0.3201564082360238,0.7745204606655395,0.8075751959829638,0.9365682780466245,0.6323160892943699,0.5566964366016144,0.22642896364516235,0.5418249369533622,0.5829544819062532,0.7479774117654228,0.8509741151453734,0.6222261687429721,0.5203723102395124,0.41800576116646204,0.46514095070028216,0.8294757182194683,0.7396040125432739,0.44455246703311924,0.2870937610057282,0.24558045645481966,0.6542345004357505,0.8907615127257117,0.883118180412105,0.816903795811782,0.4467894603122959,0.26559080760150455,0.698439193795612,0.34204391915942167,0.8015108906654322,0.30300854033473856,0.3148186826674193,0.8240963297115319,0.4441049827400209,0.6538097863680271,0.5591444187465859,0.47211171407824093,0.6357301201027493,0.7173895008836083,0.3239289710581433,0.87087017146331,0.43220887602519853,0.5530058548613302,0.6372245086093792,0.4386433407285449,0.6763506932967339,0.3928245733609215,0.800216510047069,0.5325299941692081,0.4949378257739334,0.7408094634972169,0.5283753210665996,0.5944132274953546,0.7423774521625833,0.6644180797305578,0.505659042293194,0.595538416077849,0.7598255672742376,0.44198540550624865,0.7723039929086875,0.724137889759348,0.6801982186683725,0.7905740385730761,0.7249793884083569,0.5582559378547467,0.5976919528756774,0.4635646055571445,0.5621716466668476,0.691871202511737,0.6395582200470707,0.34784451092112445,0.4634517834283311,0.7524081494590783,0.5549324956776652,0.8534008727299265,0.3549023645346463,0.6388941919211375,0.8234367299880156,0.7817865203815221,0.42321555665793276,0.2892839085062767,0.8548043890349092,0.6640631509150243,0.7364304141145473,0.7424300922351531,0.6802568553261513,0.7001769001656344,0.6460411043866193,0.6465010335103046,0.5462301173536627,0.8817048425564472,0.8288791186752184,0.5246063377491785,0.7332935104930369,0.5422986405401742,0.5398745675499536,0.6471564553944983,0.5010212849826743,0.6167884421608888,0.4610477487783043,0.44655982713020853,0.71506591599792,0.604478202708111,0.7109638974638887,0.6764164402495032,0.2850828864712054
3.0,0.5032752100137674,0.5846443940739596,0.7637137249439636,0.7940588235170264,0.5213027963842534,0.6092888421450156,0.6066712532608542,0.7030704536071831,0.9070660722923072,0.5963563260861389,0.4540673482311739,0.43743189021615864,0.2621005043906508,0.6730212268296927,0.7051878885148065,0.42890423029904556,0.7346388369332132,0.7966661481503154,0.3757760047500004,0.5178924604469738,0.7440745656280825,0.7402310269466583,0.6583132782818033,0.6096789847211178,0.38531535705056474,0.4092107334138502,0.6634235694320747,0.4711319919598221,0.3698390713794293,0.46751888083384335,0.3771383312139187,0.5745465908144547,0.4625181579297736,0.7495615729102454,0.6295432777627177,0.7449356702770349,0.6979517767123059,0.3106747862995062,0.45143746946055013,0.8512072242515628,0.7220115950958025,0.5784741928133635,0.5652905153779466,0.6354073455355814,0.7857887118014396,0.3166806431946296,0.33267738410671505,0.23028470547006838,0.692169456167663,0.7478266301309642,0.555276956062756,0.7905032072169988,0.21200993527665365,0.5702847345036361,0.705569937379574,0.6473275356788051,0.8291165195728816,0.6902198346269705,0.8036110586299096,0.8782049262966404,0.8036203259263824,0.7206641408280886,0.7019848830938453,0.3063567666515496,0.7004158715858368,0.19821255105328003,0.4659203551216259,0.6748342467494454,0.33357761658318624,0.7581704702924624,0.38221589393111544,0.6553764913977234,0.9162551795469897,0.5635653680090679,0.5117840680408369,0.6745572852843994,0.7196813848189947,0.6479617432719187,0.7771892045286866,0.5609569344772104,0.789516353610656,0.6377102807055762,0.5961780090111515,0.5734363060665086,0.7172682787560993,0.5664152959737464,0.7029325466639508,0.42480235438007496,0.568592390441465,0.37826049761776115,0.3366882784847241,0.46805828380312414,0.45608514835269415,0.9468490762302425,0.2825713405326501,0.5095001712841652,0.7687344543495555,0.7636609264762851,0.5861701722967224,0.6739872634309693,0.34620664821039315,0.5167524127935228,0.23578365763620357,0.6472245146337042,0.7297191037962732,0.6186121018554382,0.5966482635543254,0.4624696997131278,0.7421102887355769,0.5679237160858336,0.9285905577555899,0.7431920551372121,0.5615029024488483,0.5468545718006904,0.7214647181602285,0.4088978592801648,0.7253006817487047,0.5945478228990426,0.5119542863050023,0.7776929414784092,0.15403875568432943,0.690687252193349,0.3186178879998521,0.5241964967621937,0.5561292623927825,0.5801519208609641,0.6984236807090255,0.6635624815479298,0.7483492346632274,0.7500860672947378,0.20613250588173174,0.46005013674920986,0.3752851274179102,0.5507130784348573,0.6940529735641986,0.5875507106835918,0.3324748297943874,0.601196190584593,0.30426497905777017,0.7814723406752879,0.5962411888635101,0.597873944733511,0.4571250763221989,0.6538452377457338,0.7952801426660497,0.8526433597516276,0.7863029666974316,0.5869825205393155,0.23552445688760573,0.498554621347268,0.7722760888494735,0.7433996951188194,0.828973283401335,0.4391167901930144,0.6278495102167028,0.43155922335247665,0.41808360448788745,0.8279040161781464,0.6201203137503287,0.45451853668069825,0.36072416971878724,0.3001618956555166,0.6051339514587898,0.7266815120204734,0.47129125752461476,0.7951365975308168,0.5423381935560042,0.38824011409522424,0.49451697511657156,0.4033971565971281,0.4549015112458659,0.6653998485074805,0.7706658831876088,0.7138418159891955,0.4535433519810769,0.7757565759198819,0.5129149609838046,0.4539232657192945,0.7384821774224463,0.8454115658169279,0.2372971130670266,0.7957649359366067,0.385438227820693,0.5498861085609684,0.6571403178090095,0.5598417102666139,0.3511947755064396,0.5862493463565618,0.7053204909428937,0.5367267042069742,0.4338365682352833,0.7458869701542232,0.4356831975184558,0.6267650020185495,0.7490573368261333,0.6829039116843091,0.39649578040495026,0.42246802858135213,0.5010896651683359,0.3297543180219721,0.7415646302497907,0.608132645454284,0.6910763785699316,0.8139577009926515,0.6501123890511915,0.5453445644277951,0.5780651574272395,0.5554662622643698,0.581048084516393,0.515782093060251,0.6546374351656548,0.2844965447914115,0.5646772248468104,0.7435358222318016,0.6233400603611037,0.7419482893393372,0.3222999974300823,0.43224261327320995,0.7813046968514835,0.7385242160892193,0.39864442992418964,0.42339002709923207,0.5044140790224535,0.5087319304877252,0.7446588374439644,0.7242680364893619,0.6417374811287514,0.7714273096213115,0.6784392684312579,0.6141820071868149,0.40910925087953465,0.80785518476906,0.8496922592742514,0.6368840438590506,0.7614321715404684,0.6652649271870891,0.4480756004113862,0.6392752054847678,0.6545724562395561,0.47702155281300196,0.42822315001997713,0.5730928205142646,0.673982649919357,0.4510222895263375,0.4105812002315522,0.700909339377492,0.24685666002990475
3.0,0.7054286159319307,0.5915165539618552,0.659998983425657,0.6074957735094834,0.5817527494807219,0.7661011728531105,0.6028774288935999,0.5848391734814049,0.8433370129264426,0.4791365640006311,0.13637427629756427,0.3742272564714285,0.2301416611590872,0.4724744742300669,0.6374512045772278,0.3549931725277821,0.476556356219009,0.7783700372284879,0.5541543558796878,0.9525861409662633,0.6905648052991492,0.7927115413293226,0.8233102953472768,0.599376929573275,0.4175732210626831,0.4489974880942903,0.7107147990375379,0.7757676183163354,0.37440660384272373,0.15262914726232757,0.7844327589358732,0.6916891018401339,0.5111966721619886,0.6115815912733338,0.7577711528447362,0.7858022829257,0.7990799911936293,0.5822576926570276,0.5392037019439212,0.9307604230332375,0.5509612849871275,0.6355475926302967,0.5204951468102835,0.7650263472857878,0.8265662674983854,0.08654261019967124,0.14449081872340744,0.13575856551671805,0.48466925699365276,0.6907048011197015,0.6308241356453496,0.8168564494534294,0.21200993527665365,0.4054348046582421,0.4265266232780097,0.6952662504346218,0.768069383549729,0.37143650379018084,0.7766361481568572,0.2329009349786165,0.7379311198545027,0.3585189353338251,0.7661632693781607,0.6118679976189111,0.6968999042953206,0.16428081825537394,0.33574865030428214,0.7272127839673995,0.3400112601285581,0.7338345241584737,0.6233727320982881,0.44455722403239306,0.3753101013875566,0.6370702466250671,0.6778796526788671,0.6107668710492412,0.5798550658895028,0.5026089451808976,0.8862919652630801,0.8336660733007809,0.6724981882037498,0.716422769888142,0.3691483261089031,0.7997435648406348,0.746253686543683,0.47771705239434736,0.7293091925918457,0.7543767102817245,0.4454778831640333,0.5131264793119955,0.540697832662835,0.6066036514536328,0.7220731083631996,0.7054344010594086,0.11973235014512404,0.49903371766855237,0.42230969149254194,0.751813048105403,0.5899146900030552,0.6041117213075827,0.20596256860083695,0.5433174963602141,0.3566961891472638,0.45621422928922356,0.817778991307398,0.7042391257077548,0.634898077808973,0.31763301905068375,0.7501343298932093,0.4940036013423939,0.39061007614052606,0.8222897166402973,0.5176678467756172,0.4937893342721974,0.5441544219990861,0.07501104924415303,0.40328246824283354,0.41707891660239443,0.39116795380346814,0.8107814100576771,0.2890293102112169,0.7076441265723524,0.21535945929558187,0.4418149527099287,0.21833307520225267,0.7545990287258065,0.8432582452324913,0.5902860844731902,0.7876592530276718,0.732876082133457,0.472870524290292,0.3121183658240874,0.8077163123056327,0.2607365728120727,0.8067251998651791,0.6378068880314601,0.0,0.7296057135746858,0.5158730140577912,0.6633190960136988,0.7491871533059625,0.6029675083818875,0.6248653274371553,0.85887992267563,0.7211488911666404,0.5569018933560137,0.6364308611087419,0.6475969123840921,0.8118217986855176,0.48842591813263614,0.3510995230132023,0.530870512573724,0.7269918083438548,0.0,0.20988635096908012,0.3997723121890856,0.6264198677809225,0.7777355956652372,0.7059238017706413,0.2848123308070475,0.22623527887933037,0.36539400985776094,0.8406717452342618,0.7147450109345307,0.5365980445580897,0.8622914000895097,0.5410633869052416,0.6899725805653351,0.6828485526665306,0.38095291807422416,0.6249096888124115,0.8636671398664806,0.3684467981461316,0.9133033994177933,0.3276793205509692,0.8236312547507452,0.596179158746225,0.34986654827801794,0.3664071231726697,0.6335546284731222,0.4414282110799282,0.7722425772859004,0.3870355488402012,0.6243138640939226,0.8118834898841919,0.3779911485149771,0.5048623260796612,0.44374970614562553,0.710418271390192,0.3941376443391948,0.5848320787884039,0.7818868060381119,0.48934416277130516,0.6562811939096,0.7716840915710399,0.10940463767084602,0.14613541989638493,0.5596612244366314,0.31799948905796044,0.4250139040859347,0.35829994873846993,0.6103069140165299,0.7518947433571621,0.6072032451620697,0.8708704556956252,0.6015023313215732,0.6430496601005221,0.7279592537208208,0.3758301341169892,0.4933371014487422,0.8612650844108042,0.4943413163879216,0.5788096308311438,0.6712259217419898,0.7078903892353464,0.7573557204857205,0.5484097593991327,0.5919230089412647,0.6681088741455055,0.6430699254426372,0.3378724959940406,0.5339190108763829,0.33293916054997624,0.21634627083639726,0.9611280058536719,0.6632038857867528,0.4869462217143862,0.7771920715621543,0.5653935577718858,0.5732430510610778,0.771996514050584,0.7172115626502927,0.6808449636054991,0.6298194182839422,0.711797398666156,0.7258511046870179,0.5464306824755875,0.4847280668140767,0.775856156375756,0.3225519165709431,0.549658497608183,0.6099640825052322,0.5084516863090928,0.09027478013635462,0.5527126877710117,0.7050264171229088,0.7909337698972928
3.0,0.7382148839533164,0.49279498432660707,0.6266480639703843,0.5683089528332214,0.6164498151082399,0.7128445364453727,0.6262468418849658,0.5664908723478257,0.7014153729921514,0.5224763554163729,0.6271315926630323,0.4105957416597058,0.48413374078907934,0.6662209439145805,0.6768317152617064,0.6728838783247294,0.9174997139389605,0.35538656569930294,0.506081568449013,0.6915104463556522,0.5374420085310022,0.680364544704821,0.39101125908848666,0.5351530658846975,0.4164690650927791,0.20863477955212473,0.8861820608020483,0.6909328662394508,0.7809773960801568,0.7276041094519755,0.4545512734592792,0.6134790728531478,0.41788228094441926,0.3211436194226012,0.4943268469576746,0.889541698947481,0.7371180790682368,0.7957282629679152,0.7754039534252243,0.7814248101157769,0.7068469872565767,0.5402741525645622,0.8776383404758781,0.7336426801086527,0.6969428792154172,0.47925905070769464,0.3250715450395635,0.3517998147307366,0.45792578857306254,0.6408478858729622,0.4566922215958787,0.6394809339380386,0.2985684910216693,0.2229835315247168,0.6523191648893402,0.753957645888701,0.5624151954278728,0.5869326599741952,0.7047567088974808,0.6475056063792801,0.7019305703803077,0.6161308859488444,0.7661632693781607,0.8060552708313842,0.6553612953655168,0.634945765093885,0.42680809572637246,0.6469505736027478,1.0,0.7652215241022736,0.502587176908427,0.14572700017429346,0.9315633913802279,0.7638408170337787,0.6764314021140538,0.051573507728691875,0.7685924445610631,0.8583888472085427,0.6392569568944838,0.6014876318151571,0.8272671566174136,0.519487102995199,0.5801832888648482,0.6864464866804753,0.6058582141322736,0.7034177413185067,0.6981251002322163,0.6851450126001702,0.7865546351620093,0.5323743329111805,0.4701315859658612,0.6154517056911912,0.5969039516386873,0.6202269912401879,0.0,0.6558493414476907,0.5470113227809694,0.5975443376261258,0.27856397681631434,0.8172221932434188,0.052266202023448095,0.6046416889059746,0.41040924269278767,0.562148443165,0.8199381528227576,0.63616661724136,0.6656310387941056,0.5385264794957281,0.8607631765312866,0.6680011970416765,0.6205366158492169,0.6785942023952626,0.5608857010233752,0.4232134852232423,0.5209994269537225,0.30689865089949697,0.7965163953450084,0.37778691004562753,0.19617281198570855,0.8181763709727398,0.49351397053092466,0.6875326578065059,0.4716272026675319,0.4182089198994054,0.5090264222897165,0.48481134148226096,0.6287329282721175,0.7456854130696003,0.6139612057380976,0.551678023872092,0.7281480699141596,0.4312513051811805,0.6735907968184088,0.6317524478824132,0.49252263276586933,0.32402607939272865,0.9048699358633995,0.5760455324643771,0.3404190925749188,0.7615724448218721,0.5948785473795654,0.3962887886969974,0.33641864623846635,0.7920055948105276,0.7545333412630153,0.7868227452575284,0.683047462705863,0.565952712329903,0.5709665317731518,0.482257720836391,0.37505072288619157,0.18178651476448812,0.7603256251846915,0.4564675153674105,0.5174369116497192,0.3589669992885471,0.6734334694982244,0.7967932649001229,0.4247438707520847,0.8339672245097174,0.4442761188599801,0.4274039961638245,0.6169759125897908,0.7125323849686379,0.08170308348634284,0.835931469467117,0.7122143085982162,0.8202827148235772,0.6346957080547777,0.4396529235666283,0.7763814942941452,0.6058219943169888,0.5571741379373412,0.7847673064447545,0.6934362924340058,0.6725882978217833,0.3783954963245143,0.5350698712353412,0.12371569359757731,0.4984011065386739,0.2834990607216199,0.861578009278704,0.7677403945992722,0.4867668195886616,0.39495053816044373,0.6540956963137825,0.36563691851672575,0.5725432509169323,0.61490383697144,0.46095939407240233,0.6692433645295066,0.7333647433716477,0.6207107917647775,0.3083129462227467,0.5891488844407018,0.49037246876316704,0.4367914053324433,0.6314269425664798,0.4533758898333676,0.35231011922144295,0.39233740086304225,0.5962732029135862,0.7721140621028253,0.68719575730757,0.70471081715366,0.4489634045772449,0.8257882095287538,0.9008513287060167,1.0,0.5214941842322709,0.3817832563756446,0.6093205456933325,0.6071982578431521,0.6804662184846557,0.6657189031086184,0.6081829508715839,0.12161285607356874,0.8317507215085974,0.24760772601811404,0.7327491607895023,0.22866722429828445,0.5619572067380442,0.46836506524113564,0.16136876587226767,0.14678040696050323,0.259867682246616,0.6498901011335733,0.6981868122118592,1.0,0.45250369213569225,0.40889550381983725,0.7813357378040123,0.7265690338812306,1.0,0.9571988802238731,0.5908370565117609,0.7501654153864331,0.6119458830593528,0.8167578559922934,0.5656032322807345,0.6625649706730404,0.33571419065365726,0.6329413758547382,0.8306055794313768,0.6892892202841502,0.9261569557049464,0.34107475199779935
4.0,0.8919190916888222,0.7195720985413224,0.5476849986089769,0.7341302593275563,0.4884696697048974,0.4191655235731842,0.2425341299283102,0.8064901939598275,0.8345137058885517,0.3211767731263927,0.34442961440093,0.2692371399083354,0.439191490218722,0.141920316767285,0.29859340691518793,0.12164856304162364,0.601338225166938,0.8523951708214839,0.1722251386092093,0.4476396114893264,0.9724383409342106,0.9762395758077719,0.5903633990663583,0.9625039235594491,0.8267198038768019,0.8832597473684229,0.2787856022091701,0.550858896120186,0.37695235144295075,0.8544382714386445,0.35196684439184095,0.8230679241450854,0.4214969340558581,0.7195905442455347,0.8804339487254991,0.9033533629488013,0.605147335856106,0.3546459758118786,0.64633342891312,0.7368329521097624,0.7004254252899832,0.4270714431499559,0.5129964908475393,0.5861008202771201,0.9383736285775202,0.223386550921324,0.22552352333635287,0.3083752829168532,0.8440693630964794,0.3931917236773325,0.8286056936615396,0.26790448863646427,0.2568620821050707,0.5383913464227624,0.3565931781004472,0.8186116582326938,0.8795563278063399,0.6945257763720096,0.9393813212620595,0.45278855401849855,0.575180947816123,0.9285316716477127,0.7964665938283473,0.21059385497002356,0.8311069006782282,0.7281144305264531,0.7776793218271955,0.8852369667268797,0.032018501809437674,0.9147251326771106,0.4107719845607307,0.2371398028999936,0.5622368056379669,0.2501002581341804,0.6713957989932413,0.6564524954746217,0.5779844296544849,0.6339701656628267,0.7331697266045412,0.8645369834532151,0.14826669739861512,0.14933738176803518,0.505880874207624,0.5624692639378039,0.7860687281388435,0.4619368144511025,0.5589988420749381,0.7852478614838407,0.8785271061842453,0.7296688898593328,0.43912056001760924,0.6512740882274498,0.34534359936617404,0.16037357018828197,0.45097432678105864,0.22725832355430906,0.8169588497261079,0.9150105247236153,0.49725248542172185,0.8210872784144712,0.5815577064865465,0.6780524262066786,0.38990559832630856,0.6192712388416359,0.2944960504736551,0.545745768460575,0.609683272722709,0.34125432575598924,0.7706643339172027,0.8592704025020422,0.8572269991636507,0.5870095468355621,0.43142122129741173,0.544867135535793,0.535628351819435,0.5622205668086481,0.7515446123579423,0.6651765231960776,0.4978283078525952,0.8129607064011322,0.3895949185778731,0.8144436513982899,0.31823753330675536,0.3388059468301266,0.5028124626862874,0.683324989001301,0.8276924476985652,0.6922514343084392,0.4661425404428339,0.499751016163321,0.49563092969270134,0.8298849976774373,0.7755167253826704,0.7009118723026415,0.6098611273005488,0.5475153987257945,0.6224699320163113,0.6055990769909735,0.22088388980215481,0.6686302088624984,0.8535756464997548,0.5511682667247542,0.3918881670017992,0.9839239637371466,0.6788378510631455,0.7923632631371681,0.6912627606729462,0.4501197555143856,0.7813182376857318,0.4525851250725046,0.7592029732536132,0.6672030021552415,0.8774248325357147,0.3482627651778598,0.590822782264911,0.3029121052644021,0.28711960972131456,0.9033402842755643,0.8751343536893527,0.4679690703356966,0.5636108342306448,0.17419019198883373,0.6166963355415678,0.8288935283939908,0.4834938170617599,0.8813197997067481,0.7688886492829166,0.3712064457248935,0.7216534232479836,0.05635541873869346,0.7777033602820932,0.2957492406140183,0.3843985302516915,0.8324101630367499,0.474735303006404,0.5503273745453993,0.24734911953068534,0.37939572610994216,0.3591898463103006,0.5681169387041992,0.7551819449720201,0.8696569840964353,0.3343600800953729,0.36079625025516593,0.4652526484269499,0.3439958215459148,0.6311372164498568,0.53950799633117,0.3424391878173897,0.610598469604364,0.5288175541365024,0.5498482235520273,0.25324796111493475,0.47898453199880336,0.5338688982754292,0.6776489727224974,0.7711465548602965,0.6532110908436572,0.5708724573024841,0.64912582343952,0.7619767960018539,0.26175722960107106,0.8338642140633025,0.6129210949130958,0.7238212085929003,0.31979063582020384,0.896148274081347,0.7882929378858444,0.5707858815317846,0.6152050222702954,0.5915705751244889,0.48851510964255085,0.8109369758765496,0.9398575384833034,0.7347194542047779,0.7118816512515831,0.7419189851250263,0.799789603485589,0.6565848645491377,1.0,0.2795968202951404,0.4071950997770412,0.914025924452092,0.7955644440525285,0.5597373889448716,0.5084469226090733,0.5147935233609291,0.7162090298446478,0.24983357424144056,0.08071058335344151,0.5443473702362476,0.8700459434026322,0.5587715237104934,0.28252066221776506,0.29287227341260513,0.6992545442316258,0.6328237391404231,0.34493247834911145,0.7434233153588378,0.39198802447059083,0.050407450797659584,0.4253375247190291,0.46358975497717286,0.6708825585264618,0.6932462913026396,0.5967645208823592,0.34598687151962476
2.0,0.6362964487662233,0.5331633172203356,0.4546194154202285,0.5661050646228438,0.4051076249232717,0.17222780907416854,0.9405298101412367,0.7302117689637829,0.8314954335865076,0.2683081394095918,0.3982482214210318,0.29426023555663317,0.2930991035987706,0.545275023575124,0.26395237886216877,0.631820770215385,0.05021367622948316,0.764432033099093,0.597281886582411,0.7441693315013401,0.7008826078389441,0.8654500638917831,0.41587156166836586,0.7034727377281939,0.31527769089343055,0.10467660118634238,0.7645607392148356,0.12350602179677755,0.6070589082993578,0.6228172914442404,0.23641591957815153,0.5625932437481994,0.43260017953116253,0.599236096829427,0.522347146533267,0.8532079916783806,0.8694289557640973,0.2842015036684168,0.3643981393196172,0.4945260709303783,0.5772323323993654,0.3816433333251584,0.45924216951361957,0.42203292260671577,0.27595298830279674,0.22914352967424367,0.025742396763042366,0.31120246368196086,0.5406387571588018,0.6952583115423515,0.6334055364483827,0.1282776993461595,0.17569588495454538,0.6417040018357142,0.17852045292878208,0.6519137125404856,0.7537872562395344,0.7150148155947079,0.8976703506226884,0.8599614386962612,0.6337037973765427,0.42417113343923396,0.6343524706517855,0.7926259224067341,0.6156809870922888,1.0,0.5862864068934298,0.6939502389478235,0.33143525741749474,0.44296766581250596,0.5326394532825053,0.598740228118984,0.1938168590147541,0.6056098440341481,0.29189473939317345,0.8472799807474065,0.2660916777526534,0.3132410484656858,0.7094225456943566,0.5681527856751608,0.6961032195007602,0.6771232592607856,0.31668979717009194,0.02385378952072848,0.435667369063531,0.49218922691227757,0.32101745187354797,0.42846586618678295,0.466900298986683,0.7782548748421186,0.656257889733831,0.48522790048198194,0.45395347814064396,0.9462275735422603,0.58063952060073,0.5788506108272486,0.5631289549513571,0.49116832753032624,0.6924707690707507,0.42693812759233807,0.4492603591042292,0.5677849991656466,0.5367668906640215,0.2900439706207631,0.5940484660885595,0.3894731464817151,0.45086127348968075,0.30654838137845947,0.6788064063941129,0.41170561564796604,0.12103792693550693,0.7496240005174127,0.699036368865853,0.5726375460005048,0.25343822908540237,0.5743769001115295,0.6917903538915396,0.5774906147190589,0.10495245034116282,0.5705445529311959,0.4656636830714148,0.5307315616271618,0.32352273710034835,1.0,0.6821762523272508,0.30584913156920357,0.7589012983394309,0.5320909365437998,0.97178986435368,0.6306616805525521,0.29448684085700033,0.4010477711836527,0.2946228405840342,0.5726146115837473,0.24603931638659313,0.8819946659314817,0.5007643047401829,0.740407349068774,0.2622823016884726,0.7432678564732434,0.4684558309764028,0.5855176048873543,0.0712994537175536,0.7052500397501087,0.7583142584970269,0.396360748077999,0.5425339463341085,0.6366250388353272,0.8126361903799267,0.5792134471264119,0.5891295586091481,0.418486310403846,0.8479332369681754,0.42872566382819943,0.0981108643709087,0.39968224727051116,0.40695182136111874,0.42838927197909316,0.2656049509815343,0.20526457422632297,0.3877191671283192,0.3079592901436254,0.29065668647981685,0.41018175032739085,0.32389591976577886,0.9333783661114788,0.023105253415645417,0.6225762363830253,0.47249108582840554,0.5236609608038497,0.7208838233907496,0.16111896787308294,0.8226140998195124,0.5085408465747356,0.2591604610308179,0.6052047675282467,0.4769877778657223,0.6494505802057209,0.19621084974676087,0.4908093980700136,0.7775115668488988,0.47977478287990755,0.6280819745839289,0.707079038323931,0.44548208834557645,0.2632380956363667,0.4449384691237419,0.31930226490240715,0.37634134909333766,0.386265514835181,0.8530489836283907,0.7045364785205307,0.5599336242828683,0.8084808350248762,0.8256952955239953,0.3466538092245953,0.4557364698162786,0.45167724291608197,0.09320808272649328,0.17538960097900017,0.7442568218151027,0.6641975438716909,0.7527811945687389,0.3780518598435537,0.49651240709682526,0.25523873233370126,0.7138151717915872,0.0,0.6562283846197403,0.35906884874465234,0.4816950174661188,0.28066935816908845,0.94448203230054,0.7044539443445399,0.48042153646168334,0.7040217134094543,0.9451557092223892,0.40154066047742815,0.5591865146403135,0.5432600064968567,0.6152714909306453,0.30608535779396506,0.6606617316593373,0.3597318224078335,0.654155032909743,0.6575618086620623,0.6423959918524195,0.8810035094728198,0.055490433418729494,0.8308244958034215,0.7024393745792762,0.671901459399871,0.7722743034414801,0.4937723206729321,0.4182015610608129,0.5906021421684747,0.658925412718702,0.2598719117595898,0.8402178493485969,0.49696608651678603,0.6796132659295637,0.43259070008589146,0.18302102772259182,0.264099574817576,0.008143673082344425,0.4925606411473302,0.2958695955908215
4.0,0.4276586990328578,0.544158784096978,0.2540759308289569,0.7535440293635702,0.5231662173576639,0.15520895023127695,0.36485106212874785,0.4683560729929301,0.0,0.314689783098941,0.2971193355316293,0.5927345165647602,0.8278454966053708,0.5435243124047799,0.7558893688018836,0.9542345452805824,0.36328741258947167,1.0,0.4131889282025576,0.1070699598268048,0.7926949917298736,0.6753171882914801,0.9439993091984427,0.6812785569486606,0.5469724133435427,0.26398426289201615,0.5467813794185116,0.3085741092416781,0.37230898523664835,0.6274841643106686,0.0,0.32883925944688663,0.5512750378270846,0.3949060114259934,0.47714031702026055,0.19621815430074652,0.1476439491029208,0.7044202433893949,0.7168690736467999,0.6351173026406202,0.6748741924630975,0.6590910599487818,0.30455326132301413,0.5962524203693824,0.5673607819334298,0.9631193713461064,0.6058307337565468,0.12708022680830428,0.37955843608179624,0.27659195954497595,0.5582141788575602,0.17998332754689766,0.34877296571696065,0.7177198586257522,0.11572663354086304,0.7510220170635575,0.9319133782397666,0.608342338866278,0.7771019365450987,0.45852382252012164,0.13825528280876132,0.5119817683428289,0.3202770197136891,0.0,0.6971936236699313,0.13435326494489377,0.3054932431682379,0.9084054892389628,0.6570605284378913,0.4853528699982692,0.0,0.6567563512016652,0.6631753659405086,0.5184684938979468,0.23334461508577167,0.8061916020950255,0.6795125007773167,0.4011390564656281,0.5606419050503466,0.5774047578356285,0.8272294806291824,0.5616760618972924,0.4649971645149387,0.23152608631526303,0.5663447381919512,0.21374825392294677,0.5333893215054344,0.11870890017595785,0.5257557546712283,0.4630833031473878,0.42358091858657804,0.4733839454666656,0.28801532055916035,0.5951078606662195,0.6338061615929026,0.5458530809241786,0.14413396163472308,0.4940661680211833,0.6721951055093717,0.6836840616558667,0.48738224063147234,0.41378381019902344,0.2659547820427462,0.32077629019631676,0.9953916578104288,0.3671647522108695,0.09091856909677708,0.2108685175816006,0.3692783533592674,0.0627997709740218,0.6481646141573566,0.7493744907793252,0.390324444112363,0.555465772379675,0.32058318441463163,0.5681082381470207,0.7050709348636625,0.29538469533784667,0.2104687440693645,0.7175505663361136,0.6157773199581559,0.5820702539976345,0.09826246852979269,0.5120320460284101,0.6818618651551044,0.8253049103531208,0.7580157392045878,0.2646501104945256,0.43776258937790175,0.5134763295744437,0.5670750347206094,0.3350604473418586,0.5625984471496958,0.8473958610777937,0.6910128430779718,0.5213702855699719,0.6149739654056497,0.9240025278414272,0.7506219378547209,0.8648003369776237,0.6711596315476265,0.5169378229384441,0.0010474983912752782,0.6917481752995762,0.0,0.32877937157083176,0.4692597386520454,0.9281927353345052,0.40801031117968956,0.567223989550207,0.5937664265461535,0.0,0.8904152973109029,0.6018890788962645,0.18480501120956078,0.0,0.7615963396816511,0.47415978999263275,0.3828500045632657,0.275982197946201,0.8985384662744602,0.243600173089967,0.0,0.4672379321017869,0.7111351429854647,0.6346154751027248,0.0,0.1209835934160172,0.4919148209206522,0.4898350142961568,0.6051572808068023,0.5959662813121631,1.0,0.6297562556811881,0.6367939789068852,0.38263297694532156,0.5316109587114033,1.0,0.6067675814496262,0.8447008149102916,0.40722920232552695,0.2044829687696765,0.9764604031194191,0.7355989377239608,0.0,0.6929869849181783,0.5262603881834679,0.6754843917971465,0.5416838934137269,0.5710836008257837,1.0,0.9491294703488758,0.5305484114647566,0.8579792718944372,0.6604604127495446,0.6947176244950434,0.7113286347789679,0.6775334513784638,0.3791587951837677,0.20202833395115194,0.3544653378987869,0.33355184387421594,0.5304960871636297,0.8576898509192222,0.5060681302121199,0.46030127711048036,0.5929942237885886,0.7156092636350154,0.5909771343188543,0.23982345736237468,0.7352856218115941,0.16072758749284644,0.8472024278748851,0.0,0.5669675374151701,0.7477224865263552,0.03681714817469401,0.0,0.6267379224746099,0.6321121863048541,0.7140050220722607,1.0,0.7144960841543633,0.19905470408040357,0.4914513669623312,0.9343732699768408,0.5193037359905204,0.8689478789047751,0.18653119958828898,0.5347095982970653,0.0997013466697992,0.6829296278983701,0.8986491714253607,0.40479475104066875,0.4594625727040064,0.5298729263326672,0.7421667890863677,0.14427606351553865,0.8871688728864855,0.8753098441050725,0.4852571228704585,0.0,0.23359455487212388,0.1469605355670855,0.6689071053980606,0.08556464085912789,0.6219508606984864
2.0,0.36121847312511274,0.6175397638578572,0.35941178884523356,0.7611569566289788,0.5181240021599893,0.1633658884895192,0.6680155974965701,0.7820473130234041,0.8594881057450255,0.10447381704972337,0.41879840024516507,0.2215207710298005,0.6519702534131852,0.31101024720048354,0.6470964102253842,0.4492925851197878,0.5395389475733796,0.8781831687484132,0.4041970162265296,0.6974438191233926,0.6591293430820776,0.893907057720958,0.8253604624476459,0.7293372724549316,0.720024668095926,0.579567220448599,0.4817964064584355,0.30519862187606456,0.6957772251985018,0.6742700732371313,0.30448653064727527,0.6714837687550449,0.5577266343517726,0.5846506580217931,0.45540581262873303,0.6907382941844594,0.5417286906762252,0.3484709499647428,0.6269991000660708,0.6321775551232096,0.973640920124558,0.6789483962999316,0.4595457308336459,0.13662109348402487,0.18384525067980168,0.3953002390419995,0.21404678677629302,0.42485356667792407,0.8253542850065321,0.8023433941043435,0.7071252524748272,0.23854498457190998,0.325170455297094,0.5470630704257852,0.4823492375810366,0.6877640246839739,0.8708523331959623,0.6752012426828393,0.8348416369918693,0.3753505899129674,0.34164954540831666,0.703604241420255,0.5289643283079488,0.5583891764016697,0.7018753046274334,0.05524874735143811,0.5747761045738065,0.6346336230073658,0.03064333492277283,0.58126649040802,0.3527013262798731,0.37277501172905914,0.77337633983765,0.35476512721048303,0.045009864623477266,0.7748707497304538,0.26165061457664696,0.5155055762516888,0.7926000867850188,0.5932018794836208,0.4363567056515242,0.39260466019712453,0.39628956250722025,0.4499595955396986,0.4005589558425652,0.41827279805136053,0.5970344261431377,0.453653610850353,0.6628766043893072,0.7193442202250765,0.37939850679970644,0.4318855481579596,0.3073960284447915,0.19173484421140383,0.435657872661499,0.6632186674650474,0.2944752633879353,0.6142905417343326,0.5914540945706321,0.4145720997969939,0.4753657552308543,0.39329601618025084,0.35791943489981226,0.42862345701691495,0.5536217217911524,0.30040409991454115,0.7300226747260888,0.6066946338819413,0.5119823322805935,0.2893000752760816,0.1796554520757748,0.606439893500955,0.7258558891258089,0.5593392020970765,0.5430622382452712,0.42936037175542024,0.7525431879752912,0.47095688952383125,0.38714293085055407,0.4954494206996644,0.25593422497304974,0.6608418071147555,0.0,0.3938835890479116,0.5054679925084867,0.44898285668295973,0.5217553277310265,0.4291071450767813,0.7578790417113351,0.5776769994802623,0.08668062551880974,0.6048055451331124,0.5808657301725186,0.8207494188452836,0.46227631908401534,0.811226871133572,0.75167938493332,0.691572839128952,0.14188781348070817,0.737050306372721,0.7062675810194106,0.576940993363075,0.14386340658268826,0.4669037281778093,0.6352545121248019,0.6511012617105701,0.6478940995193001,0.4331088321464376,0.6639295785543605,0.6534287671872989,0.4880285319511892,0.6325457440734198,0.9044719845259654,0.134449055226364,0.31586887562426613,0.42098006012083006,0.4941306444412156,0.7062964627834973,0.45040574544702167,0.49485419783163803,0.6464073347921714,0.0487278662233479,0.30227927978649993,0.34981643366037873,0.11757110507013961,0.7548988689171073,0.3575009994956439,0.4217017860189975,0.5695055945126946,0.3090405251040658,0.716900823768237,0.08610970255659862,0.2945973791644583,0.5900206783347433,0.3202316342080845,0.4002434810344683,0.4106116059871074,0.5951173808022064,0.2253290554888771,0.6068657922306228,0.51178646833086,0.6567203434067543,0.6113112369683513,0.6248228556999988,0.7352844914354719,0.37777461394528217,0.3925794543620151,0.39734337950251436,0.0,0.5116165068062353,0.7756515898685327,0.6550212167272582,0.3393260989532181,0.588985013829719,0.8106837713879611,0.7422017048349401,0.7301336056324699,0.3598245225864019,0.08866717885933045,0.2709117315408815,0.8303633823469703,0.6438995417843008,0.5661303975285362,0.6175425043463033,0.0,0.27749448180143566,0.8030781675283964,0.268532058400017,0.6863589144896817,0.0,0.5446639334544112,0.16990830634608334,0.570503160535362,0.5467614946829551,0.6061828538692866,0.8787401659507172,0.4624687487444534,0.36800129459774833,0.6699806760109823,0.5567609753713902,0.5113839743628817,0.44301474973420796,0.568580053696552,0.7463936912427889,0.6907487656558502,0.684023686886066,0.9463878379942566,0.596130334973043,0.14463144002110562,0.608545290881606,0.4575782114593462,0.14131842153001972,0.6572137659646999,0.16125753978272056,0.22808196089114754,0.7045683545151091,0.7323187403825254,0.4637517712082626,0.6536263714558483,0.497743984113292,0.6352711733959978,0.5451554413495691,0.30993881620859204,0.8051648947685657,0.5743800759321109,0.5802260266467227,0.2748928197936387
4.0,0.7510641947481826,0.49592444475787606,0.6299571257117073,0.594784408841405,0.598053649948073,0.6773893423736638,0.5637236625995625,0.5765785169276235,0.7603335321479213,0.5784961818914275,0.3168925060589032,0.42530645291692626,0.7149149887906221,0.679234021569754,0.7486666550603653,0.3882238953551669,0.3619431113126632,0.6319242309810732,0.7250018186930596,0.4649811412578388,0.6137291572114336,0.8052305121076531,0.25699617802098784,0.639759466508237,0.13148002519188587,0.13604065327359915,0.7275179316257634,0.17969066588645635,0.6265852575671031,0.13608490296403297,0.4685966218981084,0.38086452770780077,0.3798126157736469,0.30156475193027815,0.5381766434941037,0.35463584697251266,0.706242400397451,0.5868961412341439,0.6555196385058523,0.5704408139383857,0.7814173343490233,0.40886457451889385,0.5367522741752366,0.5521031681766139,0.6385801624411229,0.35645103237202264,0.21719835335770366,0.24868696918187946,0.5087984975326668,0.7996195035962504,0.5461177270227433,0.6230191174960246,0.08497682271195406,0.5710880767100421,0.14134476103143317,0.7597329163428033,0.672577780554116,0.47847166429536037,0.7328345351457455,0.0,0.3865355136052811,0.6380539640201969,0.7819581869443019,0.6288344803768097,0.8678717512819913,0.5196613383920501,0.16216198264254025,0.6460604952085096,0.16883115960160397,0.767755665712967,0.4469162308295704,0.45594693265189107,0.2660805783326768,0.6645656064187019,0.22467012933282451,0.6820482687731478,0.3133923310346225,0.6180637286800837,0.8133817898490173,0.4099973751374295,0.7182109330386474,0.41936393063951327,0.1824854364121163,0.4262334616312791,0.6833166997986019,0.5421594147784683,0.7416623750953338,0.3707239456185091,0.48692070168408647,0.7020455188980498,0.46184268253251,0.4895621412933051,0.8087391024126536,0.39183803919403765,0.39221010990580607,0.5634038922389863,0.6277346062262497,0.2714841450446013,0.715877066469322,0.4655202648922736,0.3957821018119811,0.3976345049753706,0.4185199446775486,0.4219256687453919,0.7521733119603811,0.4014893293351993,0.38780673940871835,0.24417791450244414,0.6438999128706542,0.1310752951202514,0.20217959376255415,0.7143528127997196,0.801491535495641,0.5940031703324983,0.5536128261732636,0.44800936156053317,0.6221015539584587,0.4117318949596439,0.3468474944981847,0.8115092300399758,0.4123650219251875,0.6485753500513723,0.34595520601882357,0.3648624581208775,0.09047970431086608,0.5104955492110135,0.5791417401601175,0.481135415505628,0.639143191285065,0.5198380695677279,0.18126488860977905,0.32979009324917763,0.6903015606834247,0.6688550097417537,0.6218189573971183,0.7932501648981363,0.5481941156480203,0.7877027360935777,0.34084752817147335,0.8314038893768704,0.5369182964321113,0.5403298027248236,0.23290309153431452,0.7444153711735859,0.550419071931999,0.0,0.5829651673023327,0.7739683185870322,0.7669207279917793,0.7521132322329511,0.6144069346529372,0.36981885108646556,0.8760975490623993,0.34128832053435953,0.339899865125559,0.27445779664904574,0.49771170801847325,0.015679517956474046,0.38700115881770397,0.31985807810417843,0.3939472543522724,0.18276632458784664,0.2765352566045083,0.29455606854507316,0.5803775743566105,0.6451521474640469,0.28302911502185807,0.6324885753552315,0.34531449132082803,0.4876617325418374,0.6262630882080505,0.5588201472948777,0.9833282838900455,0.5218125205838428,0.31833760876600836,0.5319299423191695,0.5742662307053669,0.581813277926299,0.4929765306614575,0.6103131314847049,0.4220826797568917,0.6408116617501246,0.5517539527158642,0.6055427860669909,0.5626988930200648,0.6054803595359138,0.28182194078837614,0.2934849657837823,0.6322410799832785,0.5355773996689763,0.7951877042936099,0.8389736184143737,0.4429113425327313,0.6063002629162715,0.7416717798419901,0.5244965994874964,0.44507324570120554,0.5230887988610317,0.32698872496824094,0.04929252903240462,0.772925268343265,0.4428618196552252,0.5078325267400491,0.7443569603294383,0.6115411670438115,0.41682282060248105,0.6432268265824155,0.6112134351539068,0.4918414556405561,0.19183543150122975,0.5055686868392822,0.17652699385784681,0.5803999574157637,0.7545082236478798,0.4467903262087381,0.5985555523957057,0.5099761888095021,0.41887812288212717,0.6164327221802978,0.45201270393324366,0.4957233960946145,0.21533640404432844,0.5476859534977929,0.0,0.5886995581575195,0.4719382272689891,0.3214077345997179,0.8743810278534038,0.415925921834651,0.3655267923358042,0.44541257832855297,0.6069127210240726,0.76846423887415,0.6382031503451167,0.9333145464705321,0.5153509425152325,0.49899880652164247,0.5137372595622285,0.8045140520502497,0.3831851914588308,0.7334079051369379,0.42241494885434666,0.44793205188508933,0.47244215837977194,0.6673573632816898,0.5412023252413242,0.24891828882014633
3.0,0.505654665963304,0.0,0.666182193912966,0.7435152908253146,0.42094229262687266,0.4996610040267777,0.6730701150602493,0.39126817023337973,0.6591476171408291,0.6087933752639324,0.003501501571489901,0.5575635556092832,0.28854432770035626,0.47388266515295874,0.330630009391441,0.4212579276958453,0.677732024463844,0.8105172883189975,0.4358135733236796,0.519843876014376,0.3087215619061326,0.7706808971766512,0.7551536216256675,0.6249219715472308,0.42556190252179865,0.5085760813423281,0.6763569949983493,0.3031640266448174,0.6450455876543122,0.48715105208256376,0.28214571565489577,0.3719136471900731,0.341112450892693,0.503482030418195,0.36928674956830493,0.6613450457134895,0.7390944531960942,0.38371651601664375,0.5479119497306859,0.7399307079377951,0.5779116741369018,0.26669525472518046,0.46809064680099327,0.8151306436861234,0.6054516261987465,0.14827830636426298,0.35707744786979667,0.33189157303079214,0.9029257014588256,0.24823534786630047,0.23238060885038356,0.21970960308813825,0.15171792005935145,0.587432260903954,0.23276808553443654,0.691704770021136,0.754028427571369,0.4265631441987937,0.7677824321683728,0.7351709086460492,0.738914481168263,0.4939878829771896,0.7901133951312101,0.4647346957200522,0.6883242239573248,0.6347093323771321,0.27159426563426037,0.42800440169116843,0.27983760209759484,0.6644576201594526,0.4649316281446368,0.5560086057527814,0.6248041311228588,0.853966025737525,0.8211370680106335,0.5236716759808653,0.515303793675469,0.6339701656628267,0.6392569568944838,0.26556422951441583,0.75446100527347,0.8201811260167083,0.0,0.49922023584846487,0.8112577197623074,0.707918204414547,0.8288525862112605,0.4478435140082187,0.35550506849158175,0.25654864573333813,0.0,0.8225654076390293,0.5906390728450779,0.8398624184925688,0.3894102173038157,0.5148030881365858,0.7009326079325536,0.6389446192998592,0.788748263076292,0.38521217942600855,0.08677192930948224,0.4885560186426489,0.024556791097986086,0.5971471756319893,0.7330701035754037,0.4984730385660577,0.1720289972613676,0.5736313651124045,0.824683485791299,0.570489858845147,0.1939471184763152,0.8143582742328733,0.7044429987915067,0.43316230289885393,0.45951333560790303,0.5791238043821539,0.5378832885422709,0.6375623051144832,0.3603939628230161,0.7649657287161086,0.15644293903831238,0.5892856862958817,0.46995477561797905,0.4270196250130435,0.26840767292464823,0.6748493939540409,0.5880775936646464,0.4621635223701803,0.7070410469912736,0.5789160418530857,0.4249298373284639,0.40608356862634515,0.6101053233710512,0.2764273765337989,0.5655951371952935,0.513213687049289,0.5914408489215625,0.8422129923044883,0.512193044514153,0.7051614765043055,0.45956810116408014,0.49181680159125657,0.3863316175806869,0.7902990145733491,0.35677077522171535,0.5043622971199504,0.49797300167874037,0.7183720902805347,0.6984823811753602,0.745698930332525,0.8113022391792193,0.4402351920779048,0.8279267649642201,0.6361677001631748,0.3079717899167363,0.29723810761298025,0.6509882762147914,0.7046737758252767,0.5614023336757599,0.5620771687805564,0.39801962211263153,0.36827068318206896,0.7084022151010493,0.580064869868237,0.4147612423054381,0.6884901235567042,0.6673418188969167,0.6475990479726701,0.583068685854756,0.5173869929777266,0.7105749179271881,1.0,0.9454020992095,0.46973184909788973,0.22662986329590298,0.589340180883002,0.5789543884269881,0.6252794708496134,0.23234004073529052,0.6975333092772517,0.3945036988831015,0.7859221504298934,0.6776317012407173,0.4505673339832229,0.42646227389153735,0.5760235955473433,0.44027396097240906,0.7890992806368975,0.6654166583777469,0.4453653058094204,0.7431391549571966,1.0,0.4266038219230374,0.6037981407498314,0.7418171388880105,0.7502706177011244,0.3540353905739899,0.5061887110500655,0.372469240846772,0.1317628967094392,0.48588131698894105,0.5491753684313349,0.6300726250433811,0.8826650822554721,0.8910835556963257,0.9090657249621297,0.557486793743711,0.6076314043067939,0.4374236635435041,0.3867273418068164,0.7229477435193328,0.3037543985172337,0.5838675959652911,0.6141986529420823,0.5099774503633218,0.7654613603731535,0.4716786889879659,0.45991516023910983,0.6696558431071635,0.6223234132164066,0.4972134844497487,0.8279911209521862,0.23876948784631388,0.6065387308569757,0.8431827845623819,0.8696057005446738,0.09488548542447686,0.7802582815241165,0.564450830189966,0.5557558792597762,0.4827268409443309,0.5444426796936008,0.811003103890357,0.7471329595648771,0.6025038468214666,0.8729905807252145,0.5436476696928007,0.42669126957265496,0.786995248017435,0.46150794642966675,0.4182605617137717,0.4394515696087402,0.6252100554490084,0.7430467733581355,0.5535529710611643,0.36632146056877823,0.8665015222756566
4.0,0.26826551802482723,0.5968821413786378,0.3917915841275767,0.7669225717919359,0.8404955773936648,0.6862872903314401,0.9112542061372672,0.8674982150141036,0.3376691449343093,0.35747156076235237,0.49099908099419703,0.5194692819461395,0.24119809632237224,0.5504752215020449,0.5216607702619757,0.3933653162794756,0.4738919079225148,0.4942663107550668,0.527183358937017,0.4938558036265381,0.6526076443803758,0.8382170102139785,0.36438359558344896,0.46634536775005553,0.44306389547059283,0.1470076843720916,0.8120956474801582,0.2623840987005891,0.9779250055376099,0.38169894364860385,0.4673766385728173,0.5080769044861193,0.853014525869713,0.40767225406401847,0.40074904117298243,0.6984242764857319,0.8313987243206837,0.5104584651339065,0.5633081461242719,0.6993946928540193,0.8500602270162761,0.4069823069145149,0.41757876512957626,0.4779618548431202,0.22082772873253334,0.33027170189290833,0.2572698872554547,0.6134556953552862,0.6333485883078835,0.7065521017624768,0.6923783187920551,0.3663094207795974,0.16103405965232467,0.5763732001538588,0.3114120420536125,0.6242461513446623,0.6452926151969385,0.5109698278844547,0.6542950032100938,0.3459881190394368,0.7224811577544302,0.3509548449245783,0.5425532246344443,0.8057789085781641,0.6100026017592607,0.5230636961954418,0.38295082280905485,0.4256061172029323,0.5195188621425082,0.44296766581250596,0.5657780246391618,0.5794495070707936,0.6577833684391987,0.6209387836495991,0.4327891545832269,0.8610924110162976,0.5695664249036091,0.0,0.6807019782325572,0.4852301497462779,0.7571676557889279,0.6187026840685829,0.36574041364303644,0.0,0.4593869352694571,0.5945896311253172,0.4469232035712333,0.3179472696974448,0.5561736477259986,0.746232083839279,0.43880029207646726,0.5367301354951288,0.48429848378648727,0.6520831387062693,0.36313159090234887,0.44148216120754896,0.575806112635694,0.5339047283345804,0.34710125886723975,0.6716272965645612,0.8954754685202072,0.4584887706546388,0.24031105713913772,0.4296671834158512,0.5757108869805777,0.2981694052342363,0.48465889464735956,0.3737293016384865,0.9263418478535758,0.2912961478346346,0.12103792693550693,0.7921646863035128,0.7705404864632771,0.6075217465531819,0.8470251688793324,0.8854522735921544,0.410918565114724,0.4222844165834359,0.13755119984514072,0.5843323444388577,0.5543215789026239,0.4431680023051376,0.0510852686377532,0.3922053554545622,0.3465489069678563,0.5560621309112903,0.7295199949943357,0.390520303690471,0.5898544971216618,0.41683508075334375,0.4764293697330412,0.5752810177578622,0.5429996460434624,0.7545651709752471,0.2677434467635456,0.7845293185645934,0.3916982087955894,0.6732773107733764,0.2036231859351202,0.7164840887252949,0.5881366933374598,0.5736598045195983,0.2566044000939039,0.6512253828290117,0.7893119025108035,0.5767809629047783,0.4867576566211039,0.6941846383015223,0.6199793003619868,0.7156850982440208,0.635911191031478,0.4160872199599913,0.8602755720446009,0.5683444668949923,0.4213382138590109,0.43579766029127426,0.6672534285133759,0.766027840429043,0.2662156151720512,0.4939930326284409,0.580356310266709,0.17864920289142244,0.15383167439246506,0.4837522479221942,0.7394458917758582,0.6091585258706499,0.5300215329314351,0.6230044879178358,0.3157533689284816,0.36394756762433306,0.47203787826100496,0.4166565716077627,0.8803677453799288,0.28832521320776455,0.5022799851442588,0.5617883193038693,0.597683838848654,0.6952718711317359,0.3360281141778064,0.5507087624447713,0.3608394889266764,0.36511562669680764,0.8701664793515027,0.8786329922577967,0.29937919179955824,0.4830282365778355,0.7100168195662245,0.4354931992206839,0.4556343989708968,0.44951374788333254,0.8351844276286803,0.7959214571307452,0.6257737448112466,0.5464646258507386,0.7448815419448235,0.4496439697775,0.4530448583284741,0.4553245227357592,0.12540410819314096,0.20799120378803013,0.9408017774887549,0.45919357072940087,0.638980970490836,0.3840633719124814,0.6660518786481353,0.43839300467773157,0.7782892024302559,0.3876797379787609,0.624750985664998,0.26686173532043117,0.21687361614864425,0.22790274024488244,0.9287453036998191,0.5278569307226112,0.42802605795904625,0.5949442235168769,0.4704113885924474,0.549659883354617,0.019778854523174703,0.2790471587223262,0.40257498817090764,0.07650458661390305,0.41805220685842887,0.6263639678031679,0.5471474994680213,0.5937025567940157,0.7481202768507696,0.7436297541174859,0.22306640150251106,0.5625988373109259,0.29608489378117453,0.7503453886705247,0.790626013981093,0.7118696741001922,0.8568134177125828,0.3405164686597339,0.4121378400486198,0.4360693489423493,0.950477841594996,0.4170649716631613,0.8347455998133828,0.5603994805535373,0.6363176127063662,0.7993257302386321,0.46744455153414066,0.4152837578411585,0.1929160166160467
4.0,0.8035762262892864,0.5740698852497275,0.3420349894773871,0.8657198512213964,0.4924217173715328,0.4157268025671686,0.5244715324236205,0.6622831896664395,0.9145166006296995,0.4422302987811307,0.40079601122047326,0.17655629923500307,0.15839923923565385,0.5769631110207796,0.4725202542623462,0.5556641045988006,0.6599675185642644,0.7024701901505593,0.4455261381050887,0.48313656736156774,0.7056397580503068,0.7426515515879956,0.7360723640915573,0.7277663190779251,0.4012329381356262,0.2004591818660644,0.5586663902011894,0.8584779800630955,0.6651696113960206,0.5078443547363873,0.863962272327552,0.5245584138049718,0.4993608158502268,0.8116104383600383,0.21723731860579482,0.915936899391982,0.07941012224832844,0.29369103764326615,0.488236929711338,0.8761696424425139,0.7426937274561003,0.8737764749684197,0.22317500506537508,0.5518128490640294,0.8318204661754102,0.19372502135722222,0.3038632115804215,0.5075252380562423,0.9104773400154745,0.899954196404691,0.4149997329193124,0.9260834051329507,0.37768631730187374,0.47844680102457976,0.8179573635331889,0.6544276374092894,0.8148499461011125,0.7507117116005213,0.8507609624634684,0.949243910443381,0.4860281339771662,0.12473729877766687,0.6779230445497861,0.8990461657889126,0.5864357998169835,0.518898711786085,0.27847845739949484,0.6005059211779056,0.24310841455682533,0.7102604892550799,0.2627154605691571,0.5458128815789673,0.9348781328873351,0.527207384538329,0.6647401966080803,0.7164070794397623,0.3668350549785891,0.8509472481871319,0.8148850736221291,0.5765327947453989,0.7611917318196744,0.5442845454684857,0.6878901573186708,0.5627885334774225,0.7298975109929079,0.701575014543951,0.4938932574821819,0.8247429689084762,0.3390704951931209,0.5417154959020515,0.22769070431039168,0.16464244250100668,0.41461272242537833,0.7321014596694395,0.16417763926975698,0.6948701261285826,0.6949048508944036,0.8672611942962986,0.5887490729529002,0.671289536844384,0.20956531000172485,0.6008448509925965,0.14576750368186164,0.5994945277103938,0.6587579812866787,0.7344991780494968,0.7488519360547973,0.5285393011998192,0.4984375684349878,0.7891832381815873,0.7746061494955253,0.5689921751616697,0.7447733774054222,0.673274404600587,0.6947451558424645,0.4571415182516392,0.9250985661190996,0.6051859215150412,0.7667902900506424,0.7381581426165388,0.22584351457339055,0.7843094000430137,0.09826246852979269,0.47495350283941257,0.6066173246352641,0.5846773892869529,0.16750007122219726,0.6675474551775675,0.7202129329520639,0.4903802757251357,0.43318638092806544,0.5593068982016747,0.4016618946434243,0.14956405924306146,0.7806567820870797,0.8522677866314586,0.7616728533700531,0.48890178454463395,0.16176211307231605,0.7509033267554286,0.3773936412035334,0.47326068389739673,0.4986136166985069,0.802641995077537,0.902252298896741,0.7000979702405422,0.6252450218155632,0.36633455887130484,0.755260787535118,0.5376360719921852,0.6724019567539968,0.6086025867413603,0.8577437028380468,0.7975895311305673,0.4490265068753262,0.5530883111055955,0.5102816261748202,0.9394017319478083,0.7921688739184194,0.601331915120423,0.4496510685320306,0.17514429751164637,0.3106492844488476,0.7019504565662945,0.8945818128985148,0.7963180288767303,0.9468516551245253,0.40376114071544006,0.7807530726716237,0.32965929197731164,0.9227863685835029,0.1902501231924603,0.4773058201296673,0.9101353308925136,0.7387106635123573,0.7870731396586271,0.6532166544319726,0.11426284596937082,0.22946041988207252,0.5802643872371189,0.101926975169191,0.7700465254888147,0.34298565147479,0.7409301396638167,0.7547302134327384,0.4037643971562151,0.45441423671590564,0.31230591594725327,0.6982027845964837,0.5596547987911948,0.6132265623695954,0.5633306850095399,0.57304191690735,0.6228223673064167,0.8045447365139735,0.20104690614759252,0.4427805528110388,0.6506484389398324,0.2190880295676973,0.5258041101105685,0.900897107615065,0.6618949388693074,0.7851956939633209,0.4931263369622126,0.6590535978691354,0.6512245713177935,0.45464877199603954,0.5167984322133358,0.7232668277197829,0.6984846831727705,0.8114275693724022,0.14862415729025868,0.2053488287756871,0.8251113012946751,0.710616463205042,0.8491691915999015,0.36446816455306774,0.4960659393097658,0.7944696088198409,0.8094464278985628,0.31911787651056667,0.5727924467878459,0.8904106079174408,0.4407767283432236,0.8408333420972648,0.9222707797199745,0.7836496199364406,0.6453129601980471,0.6511993026656474,0.7492051144844152,0.9709425971075044,0.37259763761513226,0.5372472684023559,0.26981144772978866,0.635870549310028,0.6943857866558948,0.5997575762580678,0.6851566418692755,0.673768293617569,0.5371819033052013,0.10129226918954207,0.6558823911542097,0.4322245782997117,0.7492839844836371,0.7919980127526752,0.5521020740961416,0.28411569314272034
3.0,0.27982920894124513,0.8146933079412393,0.4841323426253279,0.46476092341194003,0.5169934577250168,0.33633981567827953,0.36857289538909976,0.9378735540760635,0.7487139411772157,0.39293980271078915,0.5810240338686447,0.1786201808559168,0.6487499993835127,0.2808123283684884,0.4055820027457181,0.5145328756925672,0.3001709519072934,0.7566965372164081,0.044525889894002586,0.5367556693354494,0.8248534034892656,0.9780000785979409,0.5987372444756398,0.8718097538174365,0.9033312652893647,0.6345896192142774,0.3932467893908594,0.4148636132225385,0.5305847879712067,0.31901870587591696,0.541178485273133,0.7918881078942549,0.4614975324888753,0.5135612043190069,0.6350497116219994,0.8190415075285175,0.6683300341659417,0.37858594043597865,0.4445362656730475,0.7816980601094348,0.6569780931558233,0.3786888717738694,0.32919357680120637,0.5704428822020632,0.6616095479930625,0.2226268782296236,0.129421821932737,0.22337566413245186,0.8818218495584117,0.19465141349371717,0.8351273906298926,0.1822215529021996,0.2510129964685881,0.3716054125835361,0.3403831053577661,0.6869909022567406,0.8574147915512274,0.7640822090608984,0.937024452724137,0.4593330467589756,0.4894828965147312,0.7167185526682296,0.6737194634170623,0.3663296719747484,0.9237941052217591,0.07993880132957845,0.8791172838839831,0.5109108427252169,0.030113461336824302,0.6426637063121318,0.6194991902718887,0.25926366421666325,0.6169839646627282,0.2944949098517891,0.5415256535027048,0.7337232192870734,0.40901137162424134,0.4618431149840813,0.7206071549691777,0.6753912660113142,0.2481120531004679,0.5442845454684857,0.31270832947615984,0.36902384582107156,0.4544852312556702,0.35850105126911497,0.3173895633533517,0.5384903818256814,0.9110706439838571,0.8839877740272039,0.44621478165117423,0.5589765266651697,0.3981893965686571,0.7722786048537347,0.3781601946753895,0.6064982167426607,0.6820101073020074,0.7547276413744343,0.6113947233038409,0.5139918032982009,0.6181709266303953,0.5263312421830352,0.5248670843131288,0.5113114540162597,0.40099265830295894,0.3366149907921055,0.679062857812683,0.5136616219334761,0.23739204939428699,0.0,0.5421899132387838,0.6850839605981764,0.5217111128816531,0.6877476929565137,0.3025313745445602,0.3983979671562595,0.6886412425328277,0.6261277631377915,0.2581968497772407,0.5742930342840351,0.26551758159811756,0.631250004848252,0.17903609301024617,0.348265843479483,0.41673451895623964,0.6066068337900528,0.6564162915840525,0.545801696657962,0.8040307062000656,0.7074618701095478,0.2827481537295889,0.9675135634715896,0.8512153972201012,0.82113666434707,0.6700487016647259,0.715264322562161,0.5875197311592231,0.5090937090159972,0.06637353577993411,0.6749796411221294,0.777679726988375,0.6110601174494142,0.21591652831656274,0.7888868018293527,0.6554691941850735,0.6404233166857878,0.5615747914287063,0.16709821427100133,0.8991596194370466,0.21520208347417272,0.8649285101566759,0.7172417930325645,0.8042757825693881,0.5623342065547272,0.2185890277962912,0.48221664831267275,0.508724066623217,0.7499407945756521,0.4856577181371128,0.5607945287532484,0.42171069414492574,0.1367606499826165,0.2991695370333762,0.40199502792666847,0.1270388077498587,0.7232502372376277,0.7265302334996226,0.42250443573274465,0.6521520570420636,0.23724658772374446,0.6979402426393073,0.10884523041238603,0.30210801860190706,0.4973701604193042,0.5606201319699141,0.4701920110188993,0.5005670421721272,0.5082762092848947,0.15479515286500398,0.20929842782730376,0.843519215173383,0.7206468766700415,0.312397518980748,0.636955980191114,0.34924231569841907,0.08969943323053166,0.42179677347516004,0.12687920731400262,0.645260032419807,0.49376942746060865,0.6867794042239219,0.45972233011129765,0.25226113902869557,0.5889380513092857,0.6668211687418679,0.6259912957657756,0.8020247145115271,0.5842160135830515,0.408119022272455,0.35514004092264895,0.6360975507078419,0.5803529733725588,0.6829520019235267,0.27262137836571454,0.6544696569757132,0.5617604471086556,0.9652558858873671,0.4920335548179933,0.6074205306218284,0.46515312868494874,0.0059050605055950426,0.29071653243627366,0.7827180782838459,0.45986276144077004,0.5940268958302528,0.7034009570146007,0.8125442561254572,0.3982589775283902,0.6144494866077312,0.7077211875308619,0.32965638830072663,0.14428922825926266,0.6748032613765269,0.8697058461541012,0.47548881859067915,0.4782591704071927,0.639056795827078,0.8081833769400538,0.18888350356224917,0.23946048077400744,0.664741888196811,0.5789655263308141,0.5299429116314369,0.21689258847139126,0.3446371223008054,0.5581843748201418,0.3958211595638824,0.418668262790111,0.8392034275273957,0.3881479384673223,0.5190172457430037,0.3686491887426866,0.3396787115060392,0.788270427444583,0.5392438120933397,0.47594242233703415,0.02977151812219034
1.0,0.32931761550034094,0.825022267250255,0.3732725352510051,0.778801686428607,0.43198938016051486,0.1359462479526078,0.2756265265277895,0.8107322413031579,0.6449638348936894,0.18504386428187297,0.3893750650580162,0.2883996019358362,0.3962099487080302,0.3964752380517257,0.4729886778091498,0.4078252976118776,0.25097545710613955,0.8637493847583648,0.4902646679352805,0.4327744469180476,0.7376035064632435,0.9485221804233652,0.5640597378959343,0.8793237915126324,0.7959458924720099,0.41452006646330786,0.44027797276098557,0.24464946460714526,0.5142041430597625,0.3266729867593212,0.5796958784611159,0.7035187966446452,0.4174658957538292,0.5687975410586104,0.34798718879270135,0.2503026358920683,0.5460733203173287,0.28949645835552745,0.5695159062741814,0.2689390271270445,0.6267586835130567,0.37373283746576513,0.17412118277659897,0.44185799315066154,0.0,0.2958244031908428,0.09393551314104716,0.16978695722020748,0.7099587484979667,0.07000476276729567,0.8652177195454549,0.43351105075572954,0.17569588495454538,0.35299301621820306,0.1728880948473468,0.6649732208070213,0.8084028704427568,0.6235761426666546,0.9954814732856415,0.6773848891783083,0.4227912849640927,0.49556819641157474,0.8247734239744579,0.3037468932439473,0.6203206131229752,0.6384647855051606,0.7430348769313554,0.4439874889374737,0.082725975918496,0.6072976040512039,0.42986135147888077,0.32752367002147625,0.41451043490640566,0.5546692676657292,0.36515566683666295,0.893560764879124,0.22395675839075235,0.4618431149840813,0.7252456206316585,0.46149887573370474,0.2895621859719198,0.6507292269421594,0.14957871971894926,0.3230182240991946,0.43005000413057864,0.37451649820282085,0.38721284187385907,0.3454130691452792,0.7198025358589277,0.8825223844228981,0.48137798903548945,0.5592684603499031,0.44998894247527943,0.2758445801337681,0.4144584928306726,0.49785065711824567,0.4415076237991949,0.3003208642874469,0.48897920198012873,0.5399103808516927,0.49944200797310184,0.5622196889955012,0.4182416643642923,0.31824997478331735,0.5268870145504657,0.3648789909540556,0.5541234638427772,0.2984480049813229,0.28895154852639265,0.33122049725292296,0.35572986642881543,0.2809144778556438,0.45643543356115507,0.6155714849968534,0.4949474877223631,0.7951677441515381,0.5826558304398016,0.5399819839744694,0.17981213183048406,0.5308765978214594,0.5217933011516057,0.6187634673466323,0.15425987754550657,0.2532971462912477,0.2415803115477534,0.46138353740922394,0.7165817017304605,0.696364680657446,0.81497825610372,0.5232128520245203,0.09167463677482367,0.6899998530823178,0.6936823644154223,0.849319141621007,0.5431325837398513,0.6806977551234138,0.5894859400972698,0.6320956944604791,0.2112492209021839,0.6133704541359235,0.7314473442313587,0.5609541038582838,0.27156665394468665,0.6484280892325701,0.2961509472426794,0.5610030924294168,0.3116389807023427,0.3841387514208135,0.5819970490060293,0.1966436252189562,0.60692496465663,0.5106655130294949,0.8016049229059778,0.5127243589929726,0.331025431838122,0.34242783047839237,0.6262582021961355,0.7333393871074371,0.5902161897261213,0.619177304659155,0.45750398717208196,0.04060556354654715,0.05500767390341909,0.39678397051869674,0.4861357410364947,0.7939495907449746,0.4219568541919324,0.5191959162637877,0.5521122873144851,0.23797132471070015,0.37612932876217875,0.13703965608261812,0.5603477910959666,0.4191259298899285,0.30668965583517027,0.3354434301828618,0.4078100951776941,0.6059042248621449,0.12492851719464876,0.5012068628358186,0.9609833717866592,0.572817849600434,0.5214334855858284,0.6509144563340045,0.5730683891225355,0.15174272482250786,0.43904114079005413,0.13145970051408937,0.4018000988316031,0.42788625839209665,0.9023122405874694,0.5096238669069281,0.34483956495112,0.7797677687562664,0.7890926641234814,0.5444393331689563,0.8349865836043386,0.0,0.3903195355500083,0.16712026704110397,0.577629203608809,0.4844712623491249,0.501193594405942,0.3063774922603226,0.45009234038778867,0.0,0.8757403682667212,0.2508584487955311,0.7211729072011822,0.378463984671758,0.3080969960266599,0.09773607815462462,0.600271432740976,0.6320809786203287,0.6952730624123392,0.7573557204857205,0.9201193824624534,0.3859145132641051,0.5994635211058871,0.4505214032609362,0.3333769937948311,0.14428922825926266,0.602587619491749,0.8850134578105144,0.3755078793203898,0.5706065805998067,0.7103277903788896,0.7944504530517802,0.14463144002110562,0.3809924398419827,0.45659005725560614,0.7047273001084973,0.6393614068701697,0.19249985782305026,0.423080255210881,0.47385100625771204,0.5697506012604777,0.13193107508846216,0.8024383452770655,0.38862953341607737,0.580864871135182,0.39925474669366273,0.00981891202815826,0.8233948600134174,0.73249299352256,0.5840443782606204,0.27093445076818895
1.0,0.9079065697585919,0.7286842947615335,0.6757215366771161,0.7942553606515227,0.5388790193174149,0.47349808464150417,0.052543385312769066,0.7921195658078092,0.7668714375727095,0.37859249565114744,0.45390027593669535,0.24250403556353708,0.539573410988471,0.07165666070074884,0.2661307691812304,0.18110954432538112,0.5609614675943339,0.8955904952614612,0.3321206280209566,0.7586139337828561,0.6953372915987761,0.9740441059259031,0.6490044485534723,0.9412516183349625,0.8376853359623958,0.8883237040411817,0.131218599089983,1.0,0.33821249088241134,0.8905672173346554,0.5821570845014883,0.9471961106025295,0.3755505600113345,0.7355732325371106,1.0,0.6627820181297306,0.5235415465864863,0.4578426736842013,0.5390941320800251,0.7042178117154347,0.444029074174231,0.3913897395228229,0.4344079207030288,0.7704310519458679,0.7925358243309485,0.19211694570626492,0.19029713472920284,0.5315384874923297,0.9260650021051677,0.12114342334400208,0.8378262558368333,0.24926390447526067,0.35608458973516255,0.5577435328753316,0.5623590087693596,0.49752470427840856,0.7978425756400586,0.6298405232553816,0.901179385243433,0.5709373039272594,0.6873700798470586,0.8229832282120815,0.6123689296668734,0.41541745748096004,0.5558232311318083,0.47228815739633023,0.7808242423507128,0.7457335548977297,0.2975654348081445,0.7954231168726711,0.38090159427607967,0.49600559728251736,0.869179843207323,0.44810759435066005,0.804222270530241,0.792054996668288,0.6072749173723226,0.798258565310922,0.841842181263452,0.9453319695084306,0.09256120902021181,0.5396810919664037,0.6549975013592246,0.6764686230173743,0.6532628058877491,0.5053306239784349,0.3385022430166079,1.0,0.9183702671052937,0.8287847779128602,0.5034909526645025,0.7592408606128775,0.39494738863435846,0.7111090385507582,0.20471029126868312,0.3587719408871012,0.9443226669409791,0.795144128868084,0.5324566099936352,0.49447044541566443,0.5717297429009293,0.6379807105749011,0.44738166127697415,0.540102454805626,0.11074863962194478,1.0,0.716408838361283,0.2996402079303084,0.6793224763480049,0.8535797321832562,0.8258438872129101,0.6084962814417225,0.48719006830658174,0.7575420726598787,0.05467276217587681,0.42131812381485684,0.4269400097756319,0.6312528866713626,0.6911437354551249,0.7348371924100578,0.22361321944047666,0.7849481915732633,0.5945688746118672,0.25617400886737557,0.0,0.5837496186228402,0.9530470587019959,0.8527537181037279,0.11662169074197451,0.3560880569180567,0.5223542923398113,0.9274747300806905,0.7979639449306825,0.8359257373567687,0.9032482316416445,0.5556405273066907,0.6212816226884242,0.3411205891759914,0.14994710607202794,0.6698042764627902,0.9179778286945268,0.6686215142614217,0.28118155980284837,1.0,0.951723189682525,0.3760429835522209,0.8002204110539323,0.3913294672512578,0.9494205060040749,0.25292873911845587,0.5119634860171441,0.7928720863566099,0.7111711811216135,0.6540072229849796,0.6746138310183574,0.3790732441888996,0.3578682134179673,0.9618512847797148,1.0,0.4450880322791682,0.25944816857894937,0.18192861751477712,0.7088909994783212,1.0,0.33305815881909534,1.0,0.9718250928049937,0.42029451322733147,1.0,0.013088938645136437,0.8532947091076619,0.19888890172669058,0.3699322443133603,0.9634590296606457,0.4883438904537777,0.9220635596936018,0.36043769127476605,0.565310243229634,0.37850530834721374,0.46701412658404945,0.8387928877421036,0.8297854128672676,0.2306561292980459,0.17487525424778153,0.49392819073176425,0.16718946615321154,0.6022255343608357,0.3271446344130428,0.7060215942212966,0.49221770718462327,0.42912537086129,0.3842017120505439,0.28713197191274625,0.46951321617182423,0.4858311598144631,0.4524730236896076,0.7557409587807536,0.6830896227241396,0.5322291478856543,0.5334895055257702,0.6987821454188478,0.4022255299400434,0.9276688435283872,0.5753784345981583,0.7664177711444411,0.5628330945739757,0.9697754280589352,0.6705163378827009,0.6866952992323102,0.7938417623615237,0.22228734846698853,0.453836141295781,0.4499839110676365,0.6790460610283235,0.7602291208586128,0.7401419673515618,0.6719073829120498,0.7928438437153085,0.7002484926418306,0.8744859020752205,0.104311763945922,0.3240104886056633,0.9853547881797894,0.9436027686081179,0.7235520700432129,0.5012173995778298,0.5684622549531845,0.7901750342302435,0.270811013427202,0.1160787168250197,0.4159101209076008,0.4886307219680655,0.3435058865294982,0.21456731039158194,0.34950052183557423,0.6404935054563502,0.4082544983746463,0.5375084355784382,0.8909609678929752,0.3831851914588308,0.5774358556259119,0.7643423593434241,0.6183140123146751,0.9031100704630305,0.7618030444080967,0.5031819156147775,0.11662897576258864
3.0,0.5421447174082353,0.7500716257055723,0.42144613553848337,0.8663647306624862,0.4998788694477322,0.4872822944193103,0.5844902684242488,0.6933561522092248,0.759225507962084,0.6859167823143254,0.5178039104462007,0.4565488355766864,0.2670947977636517,0.6708111805353939,0.559989682277602,0.6012238904832111,0.7481090588023429,0.7676699863366601,0.31067196506370875,0.47003156689939013,0.8210981847120294,0.8020124326296224,0.6578478137835222,0.6978789659693024,0.259593921382124,0.5290928342555627,0.5305117347092413,0.7010607471669558,0.5000829375105028,0.2986968166552296,0.7977940055655813,0.28789070729989646,0.6715156851029912,0.4613998453992887,0.7415163043134929,0.7113921754565864,0.13937888405069349,0.609443090420524,0.3026862594059103,0.7585383935415493,0.7441201999832473,0.4104287187839646,0.6213802736439052,0.559236083387965,0.5341034646176964,0.39598587040121563,0.22242057994901512,0.22564831872321714,0.8366341331915755,0.6556489025250909,0.4851617471891352,0.8560306725947641,0.23880107841138912,0.4060209288795073,0.467430104391248,0.6421367330282434,0.8823236605328365,0.6860721424597006,0.7579207051333409,0.40674511741699204,0.8178927948361612,0.9093932424874639,0.48454689288355507,0.6128045918187421,0.7638646948729051,0.18641741012905735,0.22014917138154855,0.7086878207537777,0.2134851307518005,0.8553998973801178,0.44024414142597984,0.3668939391202563,0.6811765617416493,0.668862798379953,0.5680279343833964,0.673391079039584,0.3456996673346728,0.7759349606850745,0.8337480111267179,0.8148913382878535,0.5815858382144968,0.6766131363418739,0.6922768218107376,0.775379516375162,0.6683144043333653,0.6262686016046406,0.8249478976901895,0.5966956620749063,0.4328681657301727,0.49605088720389123,0.4506768904191217,0.36064523266871545,0.14440499586771685,0.5103025840557436,0.7414199376575634,0.6341912841724269,0.7787081029826703,0.445778849399407,0.497411285572591,0.8336451220964715,0.10532938043130241,0.2734006785475831,0.26960224754654805,0.5676280624982931,0.4498679302129915,0.5923415487348761,0.7611113967314425,0.7550363486230757,0.8334982688285257,0.5383653630814415,0.7150139431030295,0.0,0.5253514804054169,0.6646879002845274,0.6733769171353103,0.4627716911445576,0.8646115553040025,0.4993474618264664,0.7415516135192936,0.7224061918718934,0.2467575628124561,0.8910492427156318,0.27388396960136935,0.2994523468411643,0.5366471076638141,0.5581814933977071,0.7960281821689177,0.6435114233667635,0.1686803925819369,0.5804062530022396,0.8685754332234837,0.5647341828435408,0.3695219972750631,0.3042616108652604,0.6531845093438814,0.6241337611490643,0.787457245652695,0.7224641579404385,0.19782404062898692,0.6970144560706361,0.5764154885684402,0.4925679648955522,0.42627860937080386,0.7910028150784805,0.8869963832850649,0.860711747081542,0.7133267560047565,0.4689188751126249,0.2922619740365817,0.5682687543374789,0.42121501745090373,0.8540035633322219,0.982724911738875,0.3520048110038711,0.36203247633710045,0.4240962924006507,0.2713928741912604,0.7630357209294265,0.6036454765720255,0.7128462752561787,0.4683451879765773,0.311540287967965,0.9245289446149433,0.7411272053450564,0.7093433087813601,0.7710451344887302,0.4786418451142731,0.3991893264816325,0.7144951465457428,0.3004588446590797,0.857880098637139,0.6631109325310597,0.6574006671196196,0.897331531780052,0.3026941748885845,0.6515742960666443,0.5086087899531934,0.5576418886745027,0.2121672309109029,1.0,0.33354420731418677,0.8135983142215354,0.6642161332726471,0.5192408346844039,0.6513359601748768,0.37877292968610893,0.5008166672802241,0.5754006194130951,0.8590959594740863,0.840105182102265,0.5715210000025012,0.7743900534284822,0.2537407151281666,0.5546543331134736,0.7450467029979693,0.6887855356689703,0.4683241352457601,0.673960357435927,0.3576596834353309,0.8705527944792932,0.821304032895691,0.6518130497629426,0.8208386941323718,0.9132249025095355,0.880110726827432,0.5514359861301147,0.582430270466644,0.4070528323953423,0.33759008415388086,0.6730879319648279,0.8397463529145904,0.46539779245508395,0.8362892104665752,0.7309681847855929,0.7614663283153932,0.78067417456051,0.33233372162834807,0.5256387409740108,0.9122578183555635,0.8021437072134394,0.7679229256387153,0.31628926735910246,0.7760733486336252,0.37640812154166015,0.8029874914166519,0.7457175826929949,0.7395475827264075,0.32755823082614455,0.7585927447484646,0.6504297755776092,0.8726638000627742,0.7549814125685973,0.7233742356505501,0.2562201757342728,0.7292581564544486,0.7380062493222841,0.5595105471872968,0.5337196457553979,0.6834579481024934,0.6159414427752745,0.31290936396939334,0.7027732639747333,0.8362293197809119,0.8278151575019543,0.7795103199388137,0.5167108282069631,0.07666888763686462
4.0,0.7419905886528781,0.5639150302612204,0.45225084082557737,0.7903042512911038,0.550950466793245,0.24637196145825407,0.86005877457425,0.6283676710601529,0.7135942837944781,0.6766861549213616,0.39534665346477377,0.31429230486763443,0.386613508971638,0.58757233644969,0.8127083980322536,0.8814061624562229,0.47726248457944503,0.7044052828714416,0.33164393781542867,0.5451542327900435,0.840360764965991,0.7484666881876473,0.6511569820057909,0.6792298304057308,0.3123399583942579,0.39672189008539727,0.3520138588520701,0.7845499104677566,0.4797775510021494,0.8033529929055181,0.6287591103431599,0.5655431107412296,0.5040525110492885,0.7817720080971652,0.88076544305488,0.7763653104624828,0.22193599804615438,0.6622194952868015,0.4043895561281268,0.8847791745862672,0.6887870291381505,0.8768450270288641,0.4922878244952983,0.44570727098543667,0.9026993944655981,0.18959452003670155,0.06540004875692744,0.4616335688852041,0.697084092902418,0.3725073047600761,0.4778703853113828,0.8928178265522405,0.36773084312486815,0.3519998054411258,0.4829137182597381,0.7639830812824724,0.9148469910097011,0.8220676258167668,0.8252992249429507,0.7160647685768861,0.3020573155311044,1.0,0.9035460960458885,0.6625890069192798,0.7120012659266951,0.3199728889726128,0.419499076383892,0.7582193396365884,0.15087376674786282,0.8181849698458127,0.35605994628104565,0.4923328344739348,0.8656809193720283,0.520263573013446,0.6298018063282018,0.8286779265125742,0.5220096438405328,0.9123429060779591,0.7844275335404287,0.90120859421866,0.6899562995284375,0.7712592902148054,0.5497403278778762,0.6204765410239645,0.6801410488026296,0.5815709267127205,0.7944052541558433,0.716223532155323,0.41239288232078025,0.41538500512027715,0.36628699292410316,0.5281620316529942,0.19402796650175091,0.8615133321626015,0.6267911812707346,0.7001432089030144,0.968048101284805,0.7808684796170389,0.5533145536809834,0.7774063073022186,0.1728598158094747,0.7214782857537861,0.298975099266799,0.504660905868495,0.4558885473536365,0.6016610062933127,0.7599830377304471,0.4075506149964121,0.49605461813862517,0.6864600993496549,0.461276230481154,0.6049915168573937,0.6093553440229488,0.7186928446712826,0.7802416096377137,0.44800936156053317,0.7769781863580403,0.5275815138711576,0.8151390192538777,0.7339466881305692,0.2564836391537071,0.853284464391438,0.22913150860427306,0.4223531653672157,0.3647243803074697,0.6843726148504716,0.7282181300416024,0.8114184237374782,0.81497825610372,0.46380381479036864,0.8569085126404279,0.40241624909333185,0.4685318815432773,0.15744458869731903,0.7300012584907196,0.6086646402701765,0.7655894562164974,0.7843742309075112,0.17728358240417785,0.6301836974987766,0.6006872623299844,0.5325223916282029,0.3696929603348669,0.7911032330903006,0.7374706824350158,0.8204368365316946,0.7256063827773221,0.569595001060789,0.9109782423073591,0.565288847342396,1.0,0.7612060722536594,0.9168862416949302,0.6213265766771172,0.25632748455616916,0.4189433464721172,0.3107973705196171,0.8962610674917981,0.7147038954509256,0.3833983193275388,0.43809365242697146,0.22905256888013395,0.5432544261219325,0.801905699755937,0.5668509808163998,0.7042704644317545,0.7168046715183122,0.4204957580512851,0.7486681684624346,0.3132995411927571,0.7598122257288841,0.5516649568306897,0.4350055619471581,0.6977525884033303,0.4811003709119239,0.8796571433148668,0.6124117946285282,0.521832108874194,0.44587124813756973,0.7214325677957131,0.35438284642621476,0.7540614773539567,0.3505717703128699,0.5740192060070938,0.6967348952726437,0.16369305228283618,0.48990948943492485,0.4207028119755824,0.7817426231518341,0.5820018437509756,0.7356708454101094,0.8997469844644084,0.4892233249793436,0.6900597251403122,0.7561028851944943,0.6579116970654655,0.43831257081583125,0.529016095548403,0.2636243232114151,0.4721728345402408,0.7884238997309646,0.687050634377427,0.6746198183353792,0.8970825659245696,0.5823416788671659,0.5840031069364655,0.35336396872369574,0.8727626842920639,0.5979361088224435,0.6096212976682405,0.8600738113914143,0.3170690283190231,0.209529374685988,0.8346770799088158,0.5967830453852604,0.7992243423696236,0.6317308658239436,0.5999399916696291,0.8951619413771403,0.720720022546567,0.6821436647631325,0.43700158616164936,0.958766009033881,0.43670445708333583,0.930108772395021,0.768940704921753,0.7008099646382675,0.2872305798637342,0.2517200716482527,0.639607447991732,0.716840930540244,0.7275916969769483,0.6214360704406857,0.2748264180188897,0.7048485142077513,0.8798060463853332,0.6478381053880975,0.6576135849476675,0.659538440485194,0.752150686717078,0.33070151128272457,0.7985242973908199,0.8401389767384835,0.6781892608146185,0.7326505509693073,0.18442784498686773,0.06268011374162177
3.0,0.7195364176561161,0.6628198094854483,0.6240014176275661,0.8182044316879516,0.5288050779069497,0.4400319598807231,0.4967826862187165,0.8019833903833453,0.6018210833897938,0.4913034571518696,0.7787545732487122,0.35108875788125127,0.5168274602566201,0.5479053190346534,0.3364027881807681,0.6531428249889923,0.218722286324883,0.763418270276082,0.5130777016180459,0.5606400893460289,0.09086403992446361,0.886087636016778,0.5043746432917743,0.5196059822514049,0.616581820678359,0.4852800862891627,0.6336231889939313,0.4396380649459418,0.8615090535973317,0.6541251201419934,0.9836444125182445,0.5639745946085143,0.4894484840420955,0.6866846494381974,0.49398840979568936,0.2822741415828533,0.915104668854487,0.5154694701408338,0.25107437619771406,0.6346988729855118,0.667590929040468,0.19419833649227608,0.640907382890842,0.9960964628165894,0.37545951165541175,0.3665421760334276,0.210049295200888,0.32996068826242697,0.6686492809970526,0.16209592161435285,0.7929777778740266,0.7288873529878209,0.22132607486962677,0.29809267287079133,0.5891292555994389,0.5103416220954774,0.7354397645997985,0.49835260750445165,0.8133494219369091,0.8850342569104188,0.45854288148358463,0.697286832324558,0.41624765401135866,0.8714592105071912,0.9122666501221371,0.775278939644056,0.5166463439689013,0.2179959012672097,0.6678032002056297,0.6121801272062176,0.6628170173110917,0.4979722438466804,0.5370898379130716,0.31824389504556566,0.29999351786016865,0.3641271446561272,0.41797631223249115,0.6977941158928114,0.8300519566682152,0.6014876318151571,0.690875268459264,0.47140628859116146,0.7817764565489239,0.3708023557783738,0.0,0.7712216448508437,0.40697447619062865,0.31526690961952036,0.7659434322040793,0.5764023790319269,0.416118847026803,0.5540829787955942,0.5573097580450445,0.6370485192082278,0.42450449458646217,0.0946922172424996,0.5329942059224528,0.5496322762926169,0.3889560847099625,0.703994298741645,0.4979048157507628,0.13648415034470507,0.3074441151511478,0.5761882797093413,0.7787035472214965,0.2814737364596633,0.6321816790868988,0.48904172527393974,0.8415637583671284,0.5249846882270285,0.26045176201099945,0.7669190172236277,0.48293764893709373,0.23600015001499838,0.2801757678087644,0.5216109754766751,0.7090196860804991,0.6629976726705645,0.36369602663150874,0.4744379738080924,0.2940688534220134,0.7700337057905206,0.5825610993609641,0.5583839121676033,0.37270387935885557,0.7910187572168117,0.4525248625783159,0.02204793761783436,0.4676258292233731,0.2654752819754001,0.3106878543038463,0.7556201273334872,0.6788036524795554,0.5478267225261378,0.6727381924620627,0.550111107025763,0.2546535108161002,0.37899657041954304,0.43345024778112357,0.713962338107631,0.7840491388580302,0.48076341728857336,0.20664719033941042,0.848286674111798,0.6920707036006496,0.35759351030123127,0.6339041961872598,0.49339327488814666,0.8979507823720307,0.5670630426830447,0.5154460959290509,0.6516491330901132,0.8023885718191257,0.4359440901337684,0.6078175614844915,0.6285727989480682,0.4535431974413177,0.2636878366432472,0.45590349548820597,0.7578383283829345,0.34618303060429184,0.1887502169945195,0.6116442679204327,0.35981944093777624,0.9714851446524237,0.6076657839753367,0.5954446508675793,0.7189269627658819,0.6553368578646559,0.44014803585436124,0.7637993629563999,0.19546837468073056,0.41653009672762287,0.0,0.5846298711641907,0.766865977705022,0.5918295642251611,0.38233934901723615,0.24875209215589117,0.7428858332180803,0.5917030666130932,0.627581321814329,0.4808112016003788,0.8239701589867159,0.5004719425796778,0.5070312396923574,0.5408707931227563,0.39344321979044333,0.750112940634099,0.49122282839033393,0.4612851324162963,0.3154625318698389,0.5970064636214294,0.6971706570306266,0.4918650778961174,0.7876472708088926,0.40492697963169455,0.39924979211026207,0.4938249502830827,0.3357910356692732,0.5991460327375624,0.36132145726219106,0.6824031043728681,0.2209702116496128,0.6437122950460801,0.7301376065673905,0.71075220843482,0.410734597272043,0.7163246766827718,0.4426560926607473,0.09188071924393999,0.3285400682084666,0.6701019420495914,0.7557938331334471,0.7217826701021295,0.524308045952265,0.6033983877051106,0.2973082957755536,0.09996656720474555,0.25817974917643066,0.5517887812809563,0.5901316740395803,0.5846044396167902,0.783050598516966,0.27497279671233077,0.6279099255072765,0.4564096309918114,0.7801736146612227,0.5821476161422937,0.19511515918882888,0.07108415321146887,0.28567247910644944,0.5905898098595096,0.8036613254635866,0.36858562359855535,0.6013739303763845,0.665392110732242,0.32647752875579855,0.8283495953912575,0.25529051152083465,0.6315536662005653,0.8072817113876108,0.7964908691295461,0.8167665635247742,0.07058366009325469,0.49311535080774227,0.2715519645420544
3.0,0.5884450113925035,0.6452420720733647,0.49798491092937125,0.6267016204752545,0.7677838256681118,1.0,0.15222228374201963,0.7027582745466007,0.6816448875220283,0.2596652717831501,0.41764565589601566,0.43627175979702965,0.6762053720601978,0.44769967375702824,0.3475574182573372,0.6713648707680214,0.44728282274526626,0.39267587875902304,0.4348105922864449,0.9421739069351405,0.4281203699908659,0.7031050706799391,0.39071565458584095,0.7250907280938489,0.4013165004140183,0.42496653962497033,0.4770141401462136,0.32973188997135244,0.8124443591214496,0.7912751885491682,0.40862959539405025,0.4713416867755194,0.7320506131905157,0.7333282100071878,0.5952738725087473,0.4190781775797516,0.614703175704833,0.8099645285048626,0.7053298092985167,0.672338465702351,0.7286786966590365,0.5594274591521913,0.3690478023872862,0.7711623394043081,0.673834475218789,0.41509653055525364,0.22422247030214926,0.2735128680549724,0.5638311220990174,0.25248784860989254,0.5564084010229934,0.574586959224198,0.2345670226475468,0.4345040813109353,0.4471789193060208,0.8249237216957747,0.6196870329299607,0.393050364833065,0.7940442935397091,0.28314231987688804,0.6549502313207323,0.5700504670783582,0.463235766008172,0.5693347421205931,0.8114272026095327,0.6410132295832605,0.27603465032045815,0.8770665812937823,0.6112508681052253,0.5647048270464282,0.24605368599106595,0.28072114608388427,0.2366110089629228,0.5639260471754436,0.6937314881929841,0.440320394674195,0.27733549548597536,0.5548700621574181,0.8011110061005526,0.6841539233378628,0.7758397754471509,0.8745518672812432,0.22481099493384277,0.5510744633519765,0.5753845837179073,0.5274348071182863,0.9474990344712048,0.535083526044183,0.4493304671051746,0.41845999354812224,0.15327649665830398,0.5575140211774042,0.571636209105318,0.39605253575265226,0.5873188039625103,0.5658388662008355,0.612580383832608,0.665956607898843,0.4574205112333524,0.6489941717240003,0.9123697249529207,0.06430041779968154,0.8086989865082943,0.5768203531097817,0.7803230109918584,0.44129600801828367,0.6001866139486514,0.029531816747280094,0.705491037819063,0.5139798878592367,0.17071085904823002,0.767739195493988,0.5915778155835649,0.0,0.5683915797790365,0.45613850319297145,0.7166093414905567,0.45922717408539077,0.22913526700492648,0.762905800675357,0.4643215379980233,0.6805141701471226,0.673884070537081,0.2511998780267479,0.6598098787423411,0.5372361498674713,0.7162425762315683,0.6207725656208684,0.04999758150682999,0.5838788602791997,0.6596151234140216,0.3275143309172274,0.5522154968248811,0.5511861107594429,0.7352039910846562,0.5804221990827164,0.6478897577717839,0.869453640117076,0.377236093756581,0.7418661287596467,0.37870317581169044,0.23418855664063085,0.47988516162309675,0.7764172180352019,0.7482292425407487,0.34087923799585806,0.674926013576475,0.6938140841500385,0.7906798495735894,0.5865201239306808,0.9217955450813552,0.35947354452992514,0.693748310959243,0.5837866266317685,0.6554450193299182,0.3614958597334708,0.3008363252369683,0.277971934803441,0.6104750316755092,0.2848123308070475,0.35777098248812594,0.22036406948852444,0.46129844032557116,0.6803093051881246,0.6763413832455223,0.7155694489532362,0.661814478636276,0.6641976246030495,0.573468443182126,0.31502494802111014,0.0,0.564159621252871,0.5116378763831969,0.533317102962172,0.3505731276754769,0.6230019745474644,0.2692587576257043,0.5575047692474214,0.11557143830963063,0.8667706485900636,0.4441577615707403,0.6591132230847714,0.7831154810512359,0.1519149346933278,0.27046435009030895,0.6960641066537115,0.529077846595981,0.7123250179888768,0.44367423280119006,0.4725604329387181,0.7597628732675291,0.5576805705013202,0.6634321011956005,0.47611623557518,0.6385554659272124,0.44767331090645474,0.5643514703246242,0.6267590469556316,0.2128763299841422,0.5104484682531574,0.8098896320968699,0.10700600166087204,0.6555024576053732,0.37988163246012874,0.5905272583960078,0.431925063820098,0.6827671705992121,0.29372610600485877,0.7533104966083508,0.3064650979013543,0.3441156582521596,0.33055670611199817,0.8614237133437501,0.761989039111406,0.6611969833236622,0.5204929097250675,0.38210570074248085,0.7770165919520404,0.5092965937808904,0.5452232240515517,0.6768998906712516,0.3256962913656925,0.623860285677315,0.2771231180820651,0.7177179788471699,0.4165188068218421,0.39919311238971794,0.74886675009658,0.6894211021316519,0.5534763879881044,0.36686898778984756,0.24863724394760336,0.7285041073559351,0.9803729236039225,0.8916781198984718,0.5724626517295407,0.5848147134468841,0.467114255814514,0.8772880112494957,0.5194295283393405,0.5999038680624312,0.5184626561954809,0.5090898151251426,0.5680167173657579,0.47545137294285306,0.4527964332926159,0.8281124161217587
2.0,0.3848206790501512,0.3445449384614194,0.48855871509066134,0.8156201474510533,0.3467983561286456,0.4243783405425749,0.5795322830242369,0.6636156982147944,0.8359087383655108,0.4811131532057079,0.39926147782793225,0.21975044370989696,0.16556106151109373,0.663711849655762,0.36266378327919796,0.5759015045649061,0.3156247101495674,0.7380585303397595,0.5681126918903318,0.566583312996162,0.7506721374219398,0.8054495421868184,0.7914232669205776,0.584990077102778,0.2873687456512367,0.34480221988616033,0.734229296991629,0.6884619520652975,0.6678865336836063,0.7255966901502294,0.6996413681299382,0.45733991350809644,0.4291074334730677,0.6764535476904576,0.37310941904836376,0.6269201390289236,0.7323597031440632,0.3489885602941493,0.540517149701643,0.6624394236986441,0.8756698882746703,0.7164492535512541,0.22081657796090243,0.5199183573956048,0.5969521797376066,0.4074408777368351,0.330417102395948,0.25963753759848485,0.7034117325901791,0.968472587245196,0.44213720620933755,0.29889835256843816,0.22583331594098724,0.8213901017680277,0.4803114865341008,0.6853265613023783,0.7415619784829094,0.6483238995394541,0.7993216658287815,0.7553585993326664,0.23739238179792757,0.754982781105795,0.6111869628217973,0.8149240413789125,0.9271097950128653,0.0499930526754242,0.2855290503749466,0.9399260333964586,0.17199423231218772,0.6683099340164722,0.6120703249988841,0.575582080507388,0.6300855167248343,0.2830293875920172,0.13921592087892984,0.8692426183916286,0.40781984479736855,0.4838746807105587,0.921305624731058,0.6904379617297406,0.619383135363524,0.5692264912415285,0.14523142381209983,0.6478603308977886,0.5638863820565053,0.7322081565713464,0.48316384923546246,0.5051178303155525,0.48448280422469875,0.71966582495502,0.28519486649202647,0.2701592740552591,0.34492329388673326,0.3408972031384481,0.5458914206802871,0.5050815288738447,0.7618917400990878,0.6492632640002002,0.6344325791409007,0.7887171025288816,0.28760587004078436,0.47986101173216383,0.3647322077569329,0.40429185699227105,0.564400475238292,0.46440797115862525,0.47315463029803634,0.4566756590903667,0.24275554652077697,0.4613028700213069,0.23764807905134422,0.7167427634409725,0.5664716811796587,0.6326350279451365,0.6177018617848304,0.7499906066499514,0.5813359557514245,0.5924611367558215,0.575182874705592,0.45359762432999823,0.3046791796463204,0.7125913993665732,0.7880080897521524,0.47294485593253205,0.5491875548687137,0.4554980420601528,0.6424580891932598,0.6683402502601752,0.8110413888449954,0.6254972376996819,0.6843181344401397,0.5895443585744164,0.24276123013469122,0.35453750030384573,0.7466919776176913,1.0,0.6451265159377603,0.5533186690961607,0.33610295748383684,0.705465313532119,0.6867632191772906,0.609583404096956,0.29474307357792645,0.7354773071549108,0.6153139566881634,0.0959360479617637,0.729771799032871,0.9711533220391042,0.8769143495517048,0.5219964333202165,0.5990762398897554,0.7275388474507305,0.9547512312294246,0.8065726331677548,0.06836623934712653,0.5450179329009122,0.5533047743280929,0.3881613529412083,0.3183997408821767,0.7718595762343704,0.39761359057796847,0.11103611454334804,0.4952036530107409,0.6313922342215389,0.8704936673950533,0.6066656782000325,0.6642508752195743,0.5931504208777777,0.6010761897800059,0.4653366497515104,0.8511581180596229,0.14345159624574624,0.3370935718150272,0.5540955705253148,0.3505731276754769,0.7666623113989209,0.5452436210791531,0.4630127829739874,0.1392804457856784,0.5441618478036279,0.5811964112268322,0.742303376664134,0.6070841446408607,0.6245683946514866,0.5375108249217188,0.30854125862010556,0.5971550593529643,0.36349303893161583,0.6615646279216097,0.39438967962823784,0.6392943755325391,0.566727172563801,0.38280290361504987,0.6746142592544911,0.7899117669969101,0.6302246584585397,0.4626977163178683,0.5148909943937579,0.4115662821570156,0.3130856752334276,0.7420640947863366,0.6887293997596733,0.616235999297905,0.596395093458343,0.6131030437673733,0.44300512315989865,0.5788436873930362,0.45001009955314836,0.7220114866258764,0.17644378221478504,0.6423885351265093,0.3412981718265077,0.49202924969853423,0.8316466965206274,0.6561174328590856,0.7985356422929973,0.7680428736142115,0.4662308228069925,0.5773772358954578,0.6214389325681179,0.6930033349749044,0.29735033674645595,0.660151754389703,0.251044566478074,0.7396210967742365,0.8855082235793926,0.8304666825233846,0.686148593033748,0.7945337009740403,0.6170237399128413,0.6641781499387479,0.8643799561561699,0.5174698517884869,0.07863380970183435,0.29019283887652103,0.88439144725517,0.6456735432597035,0.4928570147094946,0.7248409636971369,0.4708111657077408,0.5664618756353604,0.7434278359233496,0.4835294747097118,0.7217893781243361,0.7707126289182775,0.4691186819754713,0.2832804417798465
2.0,0.7703589242997473,0.4416442378283577,0.4726193320883373,0.8380676808577887,0.515855657215872,0.4341551368255809,0.5114018184167526,0.6858471363765388,0.838477188038973,0.7200542323683888,0.3557571999654585,0.3339505686586402,0.34462331741114016,0.6740291547560445,0.8730622388178978,0.44678026809542853,0.5658405892178404,0.818644848076055,0.03415102589397244,0.7740119841724892,0.869302705141433,0.7893104090548316,0.8116325185563193,0.6127597457573325,0.47517646187074997,0.5424431307755637,0.29865661783979797,0.46185895631119567,0.5026981610755612,0.6370379568576594,0.5489804532505381,0.6102893885206495,0.42156528967960205,0.5467319638554948,0.7365647505503046,0.825164665319006,0.6085132769012037,0.4928832688610714,0.3273042387179546,0.8252556779996829,0.7291637576807828,0.6355475926302967,0.667910183395715,0.5636795178310585,0.7902166563030029,0.38825566942067985,0.36424613287134444,0.38008430690856937,0.7833660045335671,0.48321935773588287,0.6610303881855225,0.16616276501567498,0.4049953650627925,0.4253547935073088,0.7131041206941778,0.6380425938107975,0.9028106858687625,0.8245290020611175,0.8404862850397369,0.5112335425954987,0.24459063193202057,0.9380666948316638,0.9493116293847432,0.6953904523696434,0.8248541793930685,0.3225677521706295,0.4710015636645809,0.8958512761234368,0.142985107469458,0.748184760296919,0.5647766074713284,0.3763172471285624,0.819270264653542,0.8798716460988044,0.5358635162305725,0.5684891904364118,0.3499980561920459,0.7257984454966501,0.9290594668273651,0.6590460416720842,0.5592578899063332,0.8321193919850405,0.6789428193192971,0.6330579765118598,0.6719804149130424,0.49914171443441513,0.7156606601334133,0.691380249757888,0.49456133974008876,0.610145069814032,0.39950930269602586,0.4169377730709725,0.12334445027536499,0.29427772666770885,0.6441085339996776,0.6857822394705861,0.7636174484221543,1.0,0.5214751374331859,0.6441019554613772,0.45632845377867165,0.5551933471677946,0.14241627740670657,0.740276621827657,0.6678665940152757,0.6041175480046814,0.7189616479283508,0.35626453406370456,0.7345363531668883,0.6965878534017205,0.8425124708915295,0.6626232569607023,0.45391449924991184,0.7364996437111488,0.5707274040046606,0.6115263977181138,0.6001521784668786,0.678427317571308,0.9893691297186148,0.7388188683045408,0.1734635089445363,0.8443748098226181,0.2555132032995177,0.5291953439126916,0.5257530757818168,0.7677780935134847,0.7468755692350894,0.7922613000491758,0.8019985371983398,0.3274504310176464,0.4692699563798755,0.5570718033408953,0.49942150285291464,0.4216577695805044,0.7466919776176913,0.6177450517869938,1.0,0.6042214835403453,0.33664566195643447,0.7410951432372825,0.6245548916598072,0.5167135409541248,0.5563396024671273,0.8004059685225762,0.69259513336414,0.7135363376260387,0.8276749198114903,0.7558437992358104,0.9144317551034702,0.4386999100546098,0.8380013578831883,0.718639879570839,0.9696628889933988,0.6262297159991462,0.5009422717311838,0.6888503805034686,0.21738020928382198,0.7306411061020998,0.7653858244597603,0.7848261477771814,0.692321290324301,0.2831474602736259,0.587268678449066,0.4672379321017869,0.4263548838484872,0.7461320293858097,0.8390270427542909,0.4866599828526892,0.7423458571073654,0.20303348322924095,0.8135013585877683,0.20888391554572613,0.6189923327733732,0.7856429002774744,0.5652853401108366,0.8284077388986983,0.5456576471784291,0.5260495414857169,0.4219171100083726,0.8356948638678977,0.45519988543558243,0.8413513723929532,0.48200686545117316,0.3494686862001432,0.7606469292268777,0.47500810094353235,0.4573035809848693,0.4220658884087957,0.7748621212015917,0.5073919970118761,0.5285380149965105,0.8214838282656584,0.2844587905860966,0.5537199927258765,0.7634194146092879,0.6431114929797135,0.4710657781963925,0.5541427952923282,0.40111428331504795,0.42652538257064365,0.7661423694590207,0.5719638687723869,0.8944648229206037,0.8806713278808713,0.816926218935253,0.6288035997352047,0.6725068843026814,0.49892657176462,0.47359587882599796,0.6068951145065127,0.6058576484856368,0.13034318328206834,0.511852855288567,0.604104509149143,1.0,0.9980722151123319,0.33385917908955687,0.629704949050923,0.949984914539809,0.7765958704991944,0.7778361944925294,0.3132249676703606,0.8509445537258032,0.655660731877905,0.7395112634102611,0.8236326090007169,0.4752120806018703,0.6466163523750839,0.6849137162168335,0.6390854323425479,0.8254238289431974,0.7095257108215203,0.5437584335147403,0.3327669348560583,0.29814925491416305,0.9044364312636386,0.6848743441984732,0.7064146238360164,0.6652522305741969,0.8199504280603089,0.11707497379175465,0.3439586710424879,0.7375319104251388,0.6805858833094339,0.9332493689991042,0.5693642719886114,0.15698586945975435
1.0,0.5942931213885063,0.814738701616219,0.3278079200338087,0.8759028831054506,0.5774630751264406,0.22981046816051565,0.08537250754279446,0.744426883501684,0.5133097386922911,0.3710933242704462,0.34128517884799625,0.2771271886490989,0.32002534475362066,0.20089331599941107,0.7660565691402411,0.3073116615400077,0.18677973941994774,0.8522685544316029,0.24651506548537472,0.37016839515135386,0.9372889713975183,0.9722592242473388,0.6490044485534723,0.9644122227879489,0.9587417282387634,0.8896272863758788,0.44784663823720344,0.6250404916067213,0.5079014705563327,0.14033311222810485,0.2866756946056357,0.9618699236276808,0.45867694811155046,0.678667768339533,0.758394685518356,0.5582072188034733,0.4384512561797983,0.4134060088597648,0.7412386364394878,0.6804977742313655,0.595335508715429,0.5789487750627601,0.2998417937806451,0.4742381033722189,0.7961097118335034,0.15002480392422635,0.20915690797689848,0.45344848586892306,0.9465537059166615,0.14163575011696938,0.9043939919684987,0.37979548270016017,0.27170570931776034,0.30644996607688635,0.20183626225233448,0.7229264395938542,0.88867353752094,0.8554060355781817,0.8773606411535985,0.7226878034566857,0.6843037376169825,0.540306263278523,0.7630381436354688,0.28660112591521386,0.9194166278262669,0.6520499567404111,0.9877451079582936,0.6346336230073658,0.21913172606168277,0.7105517914120072,0.4089452787699918,0.04472332053616678,0.8335280243710769,0.4657243711056971,0.5583830389763346,0.8005168938409545,0.3896013506443163,0.5039686687942808,0.7297673263650486,0.7520462891782844,0.07018806243509122,0.5048800310906499,0.40858400055105,0.6703102936102098,0.6993193940899675,0.5609394225077727,0.5191474488239631,0.6453694859643884,0.8713754466364932,0.8672903144958455,0.3850907256861113,0.7679657674413984,0.47646772710153823,0.36748977125985316,0.15401927681336497,0.66358297801786,0.6044030451013354,0.7184115135814587,0.547734443336366,0.8767417836921143,0.5635536603973476,0.5581570885740108,0.4113171314299771,0.303152851394964,0.2006439371310034,0.7045742924672593,0.7122924648503117,0.40103638640962663,0.5324353393552519,0.652546163122074,0.49222654672103894,0.5741254958561641,0.6425819540683738,0.5950998474909832,0.6591998732500794,0.3785001857850824,0.6544930301946329,0.5978171566994098,0.21632692200280249,0.658513164954384,0.3534776243955714,0.576000843758936,0.17786998668593418,0.28977767178969027,0.2886267535467448,0.33307962640224603,0.7378484512506194,0.6907463768599651,0.6758792824051236,0.7048419911031693,0.6280348002639116,0.8695815919107537,0.9863870887301918,0.9579133909225986,0.697067193532392,0.553783715000495,0.7186909115342568,0.4784904902089058,0.1364676732474565,0.6274019736509974,0.9668776081978561,0.7004920284223071,0.3497593592547201,0.7471873556118785,0.801263021445577,0.6098948292248951,0.378728571084204,0.14335748625594172,0.6427876294424324,0.3118395452371525,0.6197085641737776,0.6936331388626343,0.7345184403884448,0.4012168750213059,0.33266000208961066,0.35508675720797067,0.35289213867017405,0.8447993794712985,0.7230981567564995,0.32805987364653316,0.4781087319048773,0.15057121726301068,0.2733057058175967,0.5928942737921805,0.5628648833927847,0.6833716797888066,0.6544637036669554,0.374696288409304,0.762277978850053,0.19238845796192766,0.45416912251158637,0.17141338048468216,0.32701638244816983,0.5871255681384457,0.3539312751333015,0.5954094540501179,0.3097632525574966,0.4925318553929493,0.37591543803224925,0.2968491261040188,0.7995225437174424,0.755541056700225,0.16947780212626173,0.5478618689220658,0.3202480439567586,0.178145637794887,0.4769601059136261,0.2814753822835056,0.5941689390057648,0.5504487335506826,0.789435302129543,0.5514192323839623,0.14798758820073554,0.6316070439839672,0.6273073783025644,0.6304901656220775,0.9898126408538173,0.4991973380873335,0.6838245396037599,0.5868990620476585,0.5992150888537984,0.4520947582828994,0.5605886008644334,0.5744315826020611,0.6259952382400299,0.566301019674726,0.9796396896739007,0.7080088504482159,0.8041051355190527,0.3930674648160617,0.3630800735142715,0.35239244004078135,0.5456848154641936,0.5773986704157382,0.8565260126902038,0.7830970376420459,0.6712741769380873,0.5727456921804348,0.7477916356014541,0.8250072674471121,0.0,0.1288932223537687,0.6654588090278832,0.9189887848899766,0.6843444019255484,0.5001056236242603,0.7749201913055835,0.7624094857540946,0.04599443303562453,0.0043860306700784476,0.4500280050402721,0.7372011536756026,0.4869693116207845,0.19201991590240888,0.30839071719572286,0.45830787321082583,0.39135661423766993,0.23328486362385453,0.7774632096712379,0.3250117718837576,0.4305800608384075,0.40977234760785325,0.4848580724784088,0.9442762795267559,0.5854327803184567,0.5157150044521414,0.1774691664531812
4.0,0.3495776862893871,0.82699857330046,0.4707777549135082,0.872117651292388,0.5187297836826245,0.19475601732243733,0.06044537794241834,0.8351494270159371,0.761436222863362,0.2643819225896639,0.3746231915841883,0.2161146196449884,0.34178135616432953,0.0,0.3633953038756981,0.2165982828995452,0.11015786900570157,0.8295441553319939,0.42994472396455546,0.5113316907494097,0.6639156352056436,0.9467600363445818,0.6156985152903929,0.8482846143467002,0.8748779586203594,0.500882110961736,0.4202407643552407,0.47571445583592437,0.5559016105466957,0.31310721258557017,0.28214571565489577,0.890218726735308,0.4502368607391593,0.39342107976810237,0.6509874600439123,0.5613010524194694,0.3490805119736352,0.21211728388463044,0.349601866064929,0.6934456968092263,0.626357553586402,0.558937481962368,0.16937127139405478,0.4480783950268085,0.21441958478399314,0.2522851755673517,0.0,0.3727776424891323,0.8887543371331172,0.05656092887429438,0.866755232937247,0.7244641242653485,0.18402460867117074,0.3701770733582614,0.21755607917437092,0.666650834347008,0.764917800130638,0.8049679698070393,0.9881135807003977,0.8306747372103203,0.7169363650472512,0.49053838469273536,0.5551561522938481,0.39508198451375887,0.8387214903673067,0.09362655674230215,0.9082247126949644,0.5661074800944895,0.12534142396678433,0.538088885053648,0.6310844773001123,0.3771623774708239,0.33543754801888453,0.5818407038618886,0.51038367562005,0.9026396228275443,0.05468316959452434,0.35725310066412924,0.707877234121689,0.6811424047269266,0.1272433248789763,0.4796049315731743,0.4375007542744317,0.2846722047013911,0.5879842690534552,0.4523642623580835,0.24558883470567547,0.6931471425916483,0.8317094844682866,1.0,0.5894924491128367,0.6540428948236854,0.4219561495083298,0.39605253575265226,0.40282854733506007,0.6166790861977409,0.6222128423180197,0.5858233090174841,0.5907361760120439,0.3613622709524206,0.5926870703026298,0.5721743274080291,0.4558102441480054,0.08414849259254988,0.6571314548307078,0.5182042520495197,0.574056373356384,0.4187439767706938,0.4420298296881311,0.7100197219589016,0.369332113865088,0.6446204779365717,0.6605274429657816,0.6700448464785712,0.5792019589515863,0.4438729888039889,0.36870409241623475,0.548342431406862,0.08366708686284159,0.5611840534270105,0.31181987880021667,0.6791344861343102,0.1927149708764252,0.2795435236254428,0.4551253269621251,0.5317214165679399,0.7923553056641461,0.6264568302698265,0.7527033293405299,0.40250722501672914,0.5366417486607087,0.8415775825385151,0.6075927434962102,0.9231607065379595,0.71391744772566,0.748424665499583,0.58817639777082,0.4039592615676172,0.20131609687416074,0.6715364945298197,0.7991258225801705,0.6047913331072001,0.15061186579808436,0.4959308597742398,0.7099990767281161,0.6135215570934148,0.4407912670612857,0.3008466070824869,0.44064448396562317,0.07732078299200996,0.48894951891360705,0.5653191838914056,0.7630974890909606,0.3236322043841086,0.3699907089537781,0.34708577042950767,0.6320521224800569,0.8647343750060413,0.49536638083402845,0.5090159357244576,0.3589971874990899,0.12015342834013204,0.41555777692443474,0.5007429310409879,0.4009046024999958,0.7158942085478794,0.48165397058218157,0.3766502814135019,0.6413370871985704,0.17819255706759307,0.7203668432007685,0.1297212317023536,0.08696274819779837,0.37870948452084197,0.6190119546781988,0.4532232702117594,0.25201774301510554,0.6157408093552165,0.1807241517345442,0.27993615719285,0.8925690364448692,0.7291912710361351,0.4589060612111404,0.5286911585264933,0.48788420592493625,0.0,0.3925794543620151,0.15775058409737167,0.5712306238307497,0.44951374788333254,0.7613458180868256,0.32537852203540796,0.4018444777798548,0.78210014628463,0.7782158881145113,0.4205411508992162,0.8212487079686712,0.5798050476666526,0.41242248630900524,0.09208351442772367,0.6019814609597427,0.5515609131031657,0.11841791622404985,0.10716351533348777,0.4638393744375725,0.31365529643343715,0.97617519012404,0.5716293747290998,0.6976757557683158,0.32414587201710704,0.0,0.3514911046275319,0.5955328466018673,0.6323159884824893,0.8544269734175497,0.6961937278008667,0.8510427234583605,0.5024475536679923,0.43115513898221,0.6857466461285892,0.21072918979849828,0.039765646137112594,0.7543329163433629,0.9115610949720995,0.47799730868055346,0.4637865897879136,0.7947131192515157,0.8056724051192077,0.0872790891413504,0.30538260623990715,0.5250181518757698,0.8464552538702849,0.5811251843961094,0.1825508085819715,0.09139425727260887,0.5478214233316276,0.5819340263160613,0.2035757105317739,0.8804153742989833,0.19777312419618953,0.6004958883816012,0.34686665604115174,0.0,0.7645589705219599,0.3015437930533928,0.4342710376067661,0.21817749394205993
3.0,0.6604249135853377,0.7957945959633813,0.20729719363817048,0.7889111370660274,0.43339300952876686,0.5987826272147423,0.7786531122898896,0.3950897407939407,0.7967888922343559,0.2524394260853046,0.5132974687741201,0.4727146854070408,0.2862393157500872,0.4024993021452532,0.8136483762611081,0.27055028291707545,0.14939880643810893,0.5431842156962783,0.4549571166720537,0.658280078875406,0.7709628034168085,0.5803673386561858,0.5174751425294013,0.7121024660828605,0.6920467586975275,0.24611080617698572,0.8663994158783633,0.6627974578644399,0.7159931168702681,0.14860259518035035,0.3294151590085046,0.5403661888590496,0.4696352982293752,0.47195413236632355,0.6102271670250308,0.8495267569919298,0.6427900172625073,0.5492994520119149,0.548452489136186,0.7800552963749249,0.586302407152101,0.6460525250136905,0.45787294558096914,0.6577890946600302,0.661219742660599,0.3414006015044018,0.29862341878714443,0.3712126885947401,0.7650909275894029,0.18655743617394083,0.20021791311819231,0.8705423282380947,0.20474058348075053,0.2627619402654265,0.3391598678548357,0.5743972388368217,0.6344902220839523,0.6264287920287708,0.7812968390953688,0.834785893081695,0.0,0.5314405745392984,0.5262054034166816,0.7357557869989255,0.6995386479654182,0.12086556798027812,0.42211907844938207,0.5998492781305957,0.23892693518171737,0.6152360477960851,0.5976698772750696,0.7207141885796797,0.8425396428312458,0.6849319684319825,0.5301568698427735,0.8001017786477452,0.32194772093796614,0.4961821124131105,0.8201535263585468,0.6475218101405272,0.767066065474505,0.6647429899341843,0.6354728569574698,0.5192826400922459,0.43899594001875286,1.0,0.46705460187224374,0.5694892105837236,0.3298335407828893,0.6701578560317323,0.3514858332548828,0.38289077766285035,0.6754901258872924,0.8832052373931618,0.3334769064161955,0.7145501602144883,0.6137301774537988,0.6417892335523585,0.7368173022354494,0.5936695412185866,0.1380763270180966,0.5908583575387956,0.26074718021301996,0.3526864562116026,0.6061728127433901,0.46548270645905787,0.6369494226505452,0.5752713734072048,0.574306124581617,0.5473342072364927,0.49690861915787643,0.6533272464929714,0.7440644331562888,0.5170516084583137,0.9119663921919232,0.3666014693943623,0.8549197374642947,0.45312718939136754,0.5409033187658423,0.6847627295856934,0.18246449130006864,0.628744906671405,0.3666216998364904,0.25633292537170466,0.5383002356711638,0.527196706302396,0.5885951148863185,0.48768039350056075,0.43035165437833117,0.6647311762954555,0.42743018974217656,0.5393002748381376,0.5003218344978841,0.10548368295257342,0.7522990003765735,0.743992509574504,0.7130572418653984,0.6065354322743115,0.3353416249321628,0.7215669544325782,0.4223068777157266,0.5013905378688401,0.3694903549113947,0.7064262648657915,0.7455338176375638,0.6689232912823085,0.5898251312283687,0.6367581716103388,0.8077151191003299,0.4887130042907001,0.9492230491462321,0.766630844291139,0.8333717930664389,0.3910273022506831,0.30528920481518296,0.5521115028033293,0.5507573911637464,0.9180971689641259,0.757220554606483,0.5272444930471109,0.3813581927368533,0.2754516536316076,0.897272701008381,0.8057126914711055,0.4359289852479181,0.6438589504194282,0.2109170396512655,0.49309902614792084,0.6180278588488423,0.5154580468142025,0.8156144138654416,0.5953674638393164,0.5348335575361282,0.6574181887823027,0.2751968391022171,0.534376543041688,0.627901763801721,0.5716698232754329,0.5397789797507446,0.6492750934762633,0.207806196301865,0.7532521465588137,0.5349331843379355,0.7664825971372533,0.5925373294433626,0.592347472997386,0.33039019794153857,0.5735452157399404,0.7122473508850526,0.5348620147374563,0.646049747992264,0.759902570984178,0.4724978731712984,0.5765967340018314,0.7553942487852808,0.14276962484195768,0.4618125642710918,0.5854514320582774,0.27027526276789926,0.3236033339752867,0.7649086894815105,0.6739950504696017,0.5296191805258121,0.5003283096279242,0.5529304991594592,0.42277899963175947,0.5682949351920782,0.5469762874076388,0.7609469340159386,0.4817173869612617,0.5820066887992063,0.3127287387967947,0.6648457009691668,0.658480042161651,0.4366845938767598,0.5612230908938792,0.24304183971025115,0.5402463036833536,0.6639233337325362,0.6755888098909106,0.47076992436248866,0.09413633078395212,0.628494755887134,0.1883014262836108,0.9759888601463195,0.8479375189865447,0.8146363446331566,0.5361996256896809,0.7589117217006057,0.7887511228194871,0.9062535121338768,0.6465976882132675,0.5894027795502825,0.3014504887635092,0.38072696759839875,0.7454387361499154,0.6311981404170948,0.4417137109006964,0.4412210661409323,0.32962604136756063,0.41980915692241344,0.7738324897507135,0.7463570858747276,0.7630508147632165,0.7114700673762397,0.5047625809340646,0.18746918708064667
3.0,0.23958587054861138,0.8972132922306829,0.5130726991260469,0.8909621009657118,0.7051761976775429,0.5863655989714122,0.6973164083202705,0.733625986284174,0.5660472282216605,0.13697506294666673,0.7424121809374975,0.33643789770510396,0.5264438075017106,0.6398450946805597,0.7366184604389474,0.8752399504428383,0.8434717559862065,0.449916248674595,0.4184155559348023,0.8191283097014267,0.8477814017749653,0.5686376828136638,0.18049671909868367,0.5329346679921086,0.26029590951370396,0.06333811566830938,0.7166725644807119,0.6646417927975674,0.9015380179514076,0.447187592993023,0.36980215975406244,0.5878623355739578,0.6844154757112796,0.7125430955046416,0.22117428303496126,0.5084554478957963,0.76007516068329,0.7185895971108545,0.6860575883067496,0.5134978227159173,0.41101575409245417,0.653237077584513,0.58898242568755,0.6442656901769965,0.5352707081737252,0.12457696375276425,0.31923066452685567,0.25963753759848485,0.6677581577911237,0.5151403318318379,0.31661975157010525,0.7666448841596761,0.21437808060984287,0.6167685024245558,0.6624457546222864,0.5810843942221217,0.6443676144494471,0.7646283606093794,0.7483910838858889,0.6459188408422734,0.6877514133377857,0.6863891650169299,0.7819581869443019,0.7703524261951913,0.6481218615300193,0.15413587099866163,0.5064769127404353,0.43134101120323587,0.3409490291836282,0.8142558941324074,0.33263563001760504,0.13433279199832399,0.5769998091122133,0.45763866196296105,0.42778033294835044,0.5582099536555324,0.517420951304745,0.7193975426904089,0.6464992949258396,0.615586486581426,0.7223700641888361,0.4880430173022749,0.178542549705168,0.393868351468039,0.5057951466558892,0.4762806141396728,0.5318525568203433,0.5326353439237829,0.5222977541268448,0.8213447548133127,0.341804226247433,0.5114964828607405,0.5547207188615768,0.4775296305102504,0.27358828206162056,0.5811779055742488,0.45364164492539377,0.8340861752298432,0.19140839280798766,0.46819989693076386,0.7775502776043448,0.6902427560208069,0.7393114222100005,0.6102074889753295,0.7384486190989105,0.3448523821684188,0.3363273323224779,1.0,0.6565504551870202,0.5358224430200819,0.6627920737806204,0.6982334148802044,0.5372774825942489,0.7183813076447998,0.6867589358629198,0.8820910465405203,0.8193940324787697,0.2443604785110327,0.47603169475128426,0.5335279519637727,0.3914251409898589,0.7069268308566885,0.6538742140016829,0.3020511822068127,0.4438342673595031,0.5545011656710205,0.7441027207902294,0.7413257428502897,0.48734028094930204,0.704813441290878,0.8229050903106444,0.5724279719193992,0.6403971328926596,0.4674135846248619,0.602748767515951,0.9875929998447817,0.7469819079488131,0.538050614185678,0.2773745272986771,0.8306369986245007,0.5869846605577991,0.2919064679019258,0.1286283197193706,0.8488750494349228,0.7167057527800051,0.6919033955757822,0.6445236093305361,0.6951719055361468,0.7785869338770188,0.578507657340664,0.6485507308296218,0.5132136755006236,0.7976070258486254,0.06666637896043842,0.22102667797280218,0.5955385456259763,0.16404657115140386,0.7049989436933628,0.46210059142360266,0.47037488476275063,0.6502877707276327,0.2154670975604552,0.506798475545318,0.5364974662957233,0.36900257711600093,0.7328362952283886,0.5230152964264088,0.6248566569742555,0.6788974922152691,0.34103836265053805,0.7232864371408151,0.5138558833844055,0.0,0.5911727486867822,0.543635666104939,0.4262396992402325,0.7155866463063479,0.5021452979480278,0.13707867423544645,0.4771223617429959,0.3828423605561202,0.8427606061776253,0.7550512105967898,0.6431301388689921,0.7658314361992619,0.2691269066749213,0.6187336411607888,0.18523156798353418,0.6064655820347004,0.5807432156501292,0.3589688579717819,0.561627485739089,0.45529564837025244,0.3274696504681856,0.7595118771763912,0.1651692829773065,0.281616499934198,0.4412755146280717,0.09545526080933031,0.30441936729363006,0.7942134304202663,0.387540311108523,0.0,0.6872955615920164,0.47761413535101915,0.17155280232882764,0.9442107276733165,0.4807839614563581,0.8787300712506536,0.42064479081902423,0.32751079969245195,0.07381831311670349,0.573000746510159,0.47890857588640784,0.3884338574396337,0.4788913725200917,0.3486190348420093,0.6932164400522336,0.19429822851820014,0.5415678043702914,0.4805511483205621,0.5459322090817847,0.7200664565802849,0.14537112975679703,0.515083008559344,0.4069374047900544,0.7821607622651036,0.8465372039532252,0.8519627981806401,0.5452587314196264,0.7500846280195698,0.14928431459943337,0.6331941111555298,0.32808615093325055,0.6627235171380601,0.6399340636856686,0.5737930424779237,0.5172704270056185,0.8446643789118328,0.4145548551236835,0.503431700422504,0.6015884167712778,0.8572490998215748,0.7371721600657137,0.6443935501457692,0.5615119096584975,0.5938351574747734
3.0,0.9584283532188337,0.6194741819373732,0.7109462897915142,0.21757161168406713,0.6026868373636648,0.7021845807281362,0.9632345467932814,0.4724598975476897,0.6578545738932843,0.3962003773065572,0.3771825505737577,0.39918041832133166,0.42745808108475153,0.49765950042313456,0.7700087079271899,0.3189608967525481,0.4186581898234324,0.736306566704784,0.7379602884227234,0.7847792420062092,0.49194046720282736,0.6629667868698239,0.2898709083845629,0.48756675336110045,0.3033915786894085,0.43140938889524294,0.4676147349153059,0.5897415639975344,0.6282114473158171,0.0,0.6576444771581599,0.5205482750906876,0.5339100843579301,0.378264701829472,0.496690001044703,0.38868681063183486,0.7328649315016385,0.7490059063443469,0.7211457558011617,0.8563026774991576,0.7441201999832473,0.4123004280119825,0.6756205265406798,0.8535864214202733,0.47999830849609326,0.40048893017421333,0.11540108032319894,0.16202223463185544,0.42782945767441055,0.3055035119866403,0.43777357259425614,0.5674060895957781,0.20226033403572746,0.5484389249595651,0.3755347791050359,0.8018169231091123,0.7784329533573681,0.3646778655934821,0.6501498786116616,0.646316429268814,0.6022917680378534,0.606228963529459,0.7723602582094984,0.3992706745943181,0.7315166233690586,0.2148917456370364,0.049304977023497905,0.6137634234571193,0.28858242935636946,0.670385316580043,0.38694158866667566,0.6410594118942238,0.5526433054863523,0.5307478361339685,0.4090057476487105,0.10728298387927382,0.5218192779339125,0.6236113799817774,0.7090374622402165,0.539515950163625,0.8419362176498715,0.6106738801080586,0.47754179250179424,0.31606900804234395,0.6745625743291926,0.7300424784858661,0.6608327465290864,0.4395908200161449,0.31796187046272073,0.38633766603878367,0.4658803316889014,0.5478406477459113,0.5360496033603447,0.7321014596694395,0.3013300204074451,0.38944764536823634,0.670419784063829,0.6175959463364952,0.7095410866045411,0.6241996204886616,0.11535825403658731,0.549422245468027,0.13808842883415864,0.3731677002652466,0.8476645375473935,0.6691928766030266,0.5638559773689958,0.06358029473479415,0.7605970663053616,0.5876729127196292,0.510495970310981,0.5577046721531962,0.6258420401045086,0.27523174033206926,0.7411369453363786,0.38879316020475413,0.0729266020339139,0.4195098336794423,0.2590301282292746,0.7180156859291528,0.4249059759054195,0.5975154443057348,0.47659387022366106,0.3554746505421717,0.5583960532572938,0.4423659115937468,0.7196168716988627,0.6167949969279098,0.4969201090506538,0.4398050103705055,0.24154734098801678,0.33800733048267706,0.44845272251491647,0.5187517975874749,0.5035001228129977,0.2979498967644508,0.6624353410279119,0.7628683179764676,0.4032865032145991,0.7472187368310557,0.32683186398598507,0.40826335292970917,0.24223043421980833,0.8333063704156973,0.8237633944739476,0.3053607545294844,0.6275098224336749,0.5837077517651605,0.6143884717442444,0.6683498942253331,0.6033743737904717,0.20265785171939124,0.8770877560548068,0.3665626805992011,0.24873593348801495,0.36560291499012065,0.7087224737991831,0.5897295219776325,0.7635009048812739,0.3740883084505337,0.36701547408059904,0.19426283453061907,0.8183569610824081,0.7798610566002901,0.33305815881909534,0.7478528543723374,0.6082844318516384,0.7411780362545852,0.6424326776410817,0.4936799029253357,0.7062937791309113,0.6988414935991843,0.678942600591968,0.5566169497757429,0.09208760060962508,0.4504046527807176,0.2749419909604921,0.528419426535689,0.6038848273707075,0.5595190085178572,0.08145895576502207,0.591169812316795,0.6052320238077037,0.42306960948824324,0.5366916962075297,0.727518163763075,0.39205089834385737,0.816658562855063,0.6172179852609792,0.6198133255548631,0.6999831461329974,0.6612089231942935,0.6560244742921124,0.6906024277444135,0.6491378272052308,0.6682892371611904,0.3586581073619477,0.5551622917145337,0.38010344521750716,0.7417567821504014,0.5968309783252955,0.5388803197140639,0.8355851405124829,0.5568907009445048,0.6578785133159493,0.602236772752202,0.5109730725920385,0.5931178959924875,0.7049776653621458,0.4811679125857121,0.48140820226240405,0.2741230190744717,0.49805770828579327,0.7320055701568301,0.5064640465451452,0.3842965179793841,0.20703602300796808,0.4885100617002615,0.5705960537152057,0.707040427972722,0.45270583091058,0.7657745578421492,0.7414481917031529,0.14444103324199956,0.4201655054094214,0.7475335521882998,0.5051134549588955,0.8772981689518945,0.33511333155365647,0.554412645966093,0.23251777278308394,0.6622365003795891,0.6503639362440667,0.7555427203345376,0.7679865845216063,0.49869329772596116,0.7677567446766285,0.5940352815623794,0.7834382458957239,0.5268251121665076,0.740170781486524,0.4717161012736555,0.5719198159800785,0.695903876958084,0.3997789097678978,0.9028379331718308,0.5918912163917871
4.0,0.6906950900481,0.3992216370196793,0.4789505782987263,0.882895504260968,0.3096727925160028,0.40427103201167164,0.5154628736171173,0.674771640072706,0.8628688176023934,0.3126039302077793,0.12393273873244638,0.14267666394406042,0.26955946615137144,0.3231531408878361,0.7263024450586156,0.4823314307294062,0.6397990479819758,0.9435752991436929,0.4097426647643437,0.5558336622149052,0.8528050108301949,0.8841703639120326,0.8200837234362343,0.7448002114674592,0.5723308305932387,0.5963413685734746,0.47994075850925755,0.5068328098203132,0.13327406561200142,0.6564016469307768,0.21409093066337656,0.6589876414158825,0.47492891000375087,0.39342107976810237,0.8613668958308018,0.8427774396117697,0.5862233171859503,0.39145382178000004,0.5879045076931293,0.5140927379011041,0.7027031811921658,0.6101606929596626,0.2902284402902064,0.6908702302039794,0.24375675614242875,0.20886077287567298,0.2897751862664773,0.33808495581800957,0.58707569585481,0.7489949281088755,0.6085165628315534,0.12555906745474782,0.366594912798883,0.5901297858313219,0.22891416735097272,0.7147884773573046,0.9308279736457516,0.8261152043746072,0.7675331165558084,0.45689787734132015,0.3939236227876444,0.8995625854981305,0.38758566123256133,0.10848505406066766,0.6343687624315593,0.6108622592132086,0.42899934340458484,0.7008517900506005,0.5333247992486314,0.5404730782911461,0.26609446701199563,0.6518604273389811,0.7401226975471669,0.2945837378118151,0.7902482983751631,0.6442221692861125,0.32166486266405486,0.6875680956539082,0.7747992620160234,0.47970642494096094,0.47578821828267504,0.16159264683892602,0.6496034197187427,0.604258196321993,0.5828497807178566,0.6393381188474299,0.7157675184229405,0.5514117292405807,0.7262816478030102,0.5496300417365825,0.3645412456691678,0.2714489711792202,0.36629032635398073,0.31439347572772014,0.508350695815873,0.6205574956049839,0.7414653652029988,0.6953026713825603,0.5925805943782188,0.8015546024616682,0.43687494329934584,0.5860705933710568,0.20909191092992968,0.42862345701691495,0.8061803454261867,0.7803721379353696,0.5725995014968362,0.5607363363710158,0.5007993903315949,0.5790664747544949,0.4796675402353248,0.643897803488846,0.535998127604512,0.4968709110548002,0.8320229991397887,0.4581416716372075,0.7922134374166458,0.7633541809477945,0.5396131488942684,0.7710794293008957,0.4378398820394352,0.711425009389521,0.13219021551403634,0.32242963485517023,0.5512870574584094,0.51877377126483,0.6296374322322134,0.675803234778632,0.7959517620745509,0.5060310709554815,0.4685447496080365,0.5067431887993011,0.5020061547490378,0.6827905375763598,0.7744816568083474,0.634027489260649,0.7504601965343222,0.7011843457094045,0.2830642313239114,0.6789155343049253,0.6797917012315379,0.5576149185762137,0.32260696109858034,0.8084033624958643,0.5685312755111557,0.5262113281548648,0.49889222021205015,0.547625939758554,0.7831248960068661,0.7907735450454235,0.5832031236366307,0.7387710735106556,0.9409750809150799,0.33175629544386787,0.396514216745784,0.4371719254457166,0.3526422976979335,0.8685427873887344,0.7485037465859472,0.33424057037879207,0.5038903071218894,0.24037432077653567,0.44315196896610953,0.7603238560407005,0.9294854709775547,0.7641752924899982,0.8113169021740338,0.06781558723456513,0.7446875049809801,0.3192364152832845,0.6901365184287456,0.49785652893289045,0.4277503091999107,0.9075822695969795,0.2446250674688711,0.7654387953725064,0.4201072990697681,0.5255484306959433,0.2770308018722661,0.6649213064654013,0.4844017547763955,0.6944990001225012,0.3674094879152993,0.44574920175023924,0.37829565850847674,0.3348492753898381,0.6281509281591944,0.5886126689511108,0.8225613536804212,0.5259179862584441,0.6871509366983992,0.7787237513655622,0.36176881650111625,0.7577064772004237,0.7957624920562887,0.746333466664838,0.701520577090779,0.5128507496554894,0.1833750833638764,0.4991904992665548,0.7703580882856584,0.5942483118501922,0.929989340536734,0.8596945026381039,0.8107243964017242,0.6056478435800127,0.7843251775960073,0.5629857510146852,0.6742167684338664,0.5474216607687268,0.5962938585943347,0.1219652216621092,0.8459913479556775,0.748494903420215,0.5494430233007889,0.9013695282034422,0.548310417430067,0.7192867143747319,0.8674010266159683,0.8232216190416909,0.5122240002638622,0.2868641056881804,0.8617598646499738,0.6457105281150591,0.8034987455213449,0.8217223260108428,0.699583618317743,0.5549108864861156,0.6366617776657046,0.6891725029378365,0.31005695995513893,0.766830802870653,0.7540484485833059,0.5969517451449391,0.4650009503151013,0.5314273879437186,0.45854813425801555,0.5282549616885928,0.696556023689691,0.6796805682655919,0.32046179070605163,0.32737084005636136,0.3955262166187734,0.5261813231422229,0.8621395892738257,0.6068872306722035,0.0819877614450618
3.0,0.7253659324253227,0.23859964439371675,0.546609000433387,0.692138968184486,0.40674002562034056,0.4175646707184799,0.46407112685982743,0.3907153821662321,0.9418587421791504,0.43293113791104093,0.3297552308255072,0.25592137915830865,0.2465693390782856,0.4247181629034158,0.5622795266929183,0.5480804465332105,0.8920725184050625,0.8110628185713541,0.4582111079379081,0.0,0.8180545321562969,0.7878737749858725,0.35038303738505105,0.7637476444297802,0.46571299915807834,0.13942029843182413,0.5140822659025067,0.8002703419209608,0.0,0.47258518603400496,0.5515604483826975,0.7305650144119739,0.4994615433478485,0.5099503434733939,0.6808020283256637,0.9785183353469429,0.797919747394949,0.2699130940971014,0.6721767480530985,0.7979689391945725,0.7785446361194726,0.6720612240115621,0.47643613392379525,0.5095561588967816,0.645627057075089,0.4275076570878436,0.3614910219995186,0.45384664702186645,0.6386108427173472,0.8607196936986581,0.45858102568712095,0.35454997302585245,0.3733199378682186,0.561246393833803,0.46485789943071176,0.7259982755653565,0.891029017941606,0.5573520185278787,0.8158256861591384,0.7061238800411819,0.6528427295205613,0.6547241643151505,0.4353684405110744,0.12404714597626805,0.6790312012696976,0.5748978043833489,0.5290698527776582,0.7623834212447681,0.39127077862116005,0.718003651747978,0.18215740100754388,0.4914465559565002,0.9835403358635385,0.4590395325268263,0.5938466370098721,0.6278291569581029,0.39721146050768646,0.6465486475349654,0.8465650775777094,0.8518167841243208,0.5526486371885716,0.721136852489409,0.6683527637294232,0.7195522275726797,0.6588820612062731,0.6276356843746903,0.9114788848059282,0.7562388913654179,0.591721799592323,0.45410845122296517,0.2670893728809329,0.12699159993267825,0.30747552598708555,0.36047676517091576,0.43573509487493206,0.49507408321392005,0.7548855047521175,0.6959095742543666,0.6356437545167661,0.6729767800236575,0.15071622779940871,0.5782282518780831,0.14876125833846837,0.5123617095486218,0.8243291323546295,0.7872505466725109,0.7009630010924088,0.4880241863636098,0.6587873726671841,0.7760618330206284,0.7233083259980319,0.7561574278740111,0.47183850910530106,0.6748804655542047,0.7722722468091671,0.13257796854748433,0.5372877462372072,0.44433459568425127,0.5881417699798205,0.7526477260987591,0.41788313488133194,0.6176216330949,0.19494028015103487,0.33516985866456034,0.6735567052076984,0.6533380922515886,0.8989491740578593,0.673068032681224,0.6494643871077236,0.664330026728424,0.8305949231363912,0.42636125169005507,0.6261288946039644,0.6373617048853664,0.754006505614783,0.6868563499592403,0.27584050734622567,0.6914889230440237,0.2718476248632115,0.6770387417355697,0.6176261579897012,0.509646871869117,0.24469770329409507,0.7863495519993714,0.586162700309941,0.7156764153114521,0.5600255012944944,0.6210221511857464,0.6413217222273095,0.8055216299174737,0.5869163088930083,0.5715484552086358,0.8672535507765957,1.0,0.3500380048875016,0.3936846056920764,0.43693815821153636,0.8348090159769009,0.7392041009558482,0.41844406662466976,0.6026647933446488,0.3111102845394446,0.5169062350989532,0.7540359288099049,0.30463397826313243,0.7972591946936842,0.699357146615193,0.1906214322427041,0.7860186899728357,0.2676784609892819,0.9204459539778675,0.4856239822137149,0.43974742681550455,0.860552362495708,0.5013077440362464,0.8813281083673702,0.5397274184715305,0.6451972176690701,0.1890631508224841,0.7308551305406947,0.24261805506913595,0.3823706112368682,0.5870945241497321,0.5345960234769953,0.5962799872408991,0.5369763267979951,0.6751295347202105,0.4663002186845088,0.8407822038970783,0.5412478175631789,0.6973769069753066,0.8325270947747848,0.5273608010543012,0.8273299576847134,0.7221197828953827,0.7157784469939509,0.6755421481784181,0.5966791844884737,0.17644408397691383,0.4715169972069083,0.6283377430061244,0.7044524310239995,0.7207123110898361,0.9499552633250218,0.8517271055230577,0.6455055155207944,0.542126673189248,0.7653252247975177,0.8031202103784099,0.42547346413953596,0.8135315921220201,0.3611888167474846,0.5929868133196151,0.7373130313074683,0.18764584626723235,0.9097872091884779,0.09063088338354701,0.5281466187530736,0.8845367130456235,0.6740846309291212,0.4483796205843578,0.3592038108487299,0.8775483873387006,0.28031128352180334,0.7524872015428333,0.7750038962741836,0.7881687473558869,0.6103032166422035,0.556147579954677,1.0,0.27835836957748594,0.5399205927943751,0.6839865838091628,0.5563479048448607,0.6146876458494364,0.5140111924240839,0.3569682139121939,0.5274016971077947,0.0,0.6587873000237673,0.5126620138240002,0.41192299660956166,0.6275791423307537,0.0,0.79536557409879,0.13428786181923388,0.17231510202946146
2.0,0.45621077192842713,0.8324290931106452,0.4456401777685119,0.8262086938209893,0.4782403001347224,0.21718801390635098,0.44536564931504646,0.9305770076923587,0.7084538238228334,0.04369693551807776,0.5737153669716667,0.2541810107108142,0.7371273506780301,0.2500366675166928,0.5512930318912069,0.5012982592529219,0.3048668197647505,0.9070820560422989,0.650084163447335,0.5594428450105637,0.7027618643131668,0.9171196474339797,0.3857024937298187,0.5747219556845268,0.5661292883480269,0.13982370257245053,0.8461566671464493,0.47317303507123537,0.5725278317740286,0.5926490653266302,0.21192422265159577,0.4034126192141897,0.6896035402100802,0.6248250899337999,0.3155570409723805,0.6236474672250718,0.5444530427298521,0.3718238273260302,0.5870887562200282,0.5087011130281655,0.883265746707787,0.6175540457725218,0.3228018743141371,0.34612117799534936,0.576687848561009,0.28486904589494716,0.04244609597108649,0.22175529207973838,0.5091981184270578,0.7711529522244227,0.46691953627018273,0.6840976139606164,0.22583331594098724,0.6976179419564327,0.4833648161619082,0.7610736690486958,0.8934544114788361,0.6444204276484656,0.9670484915794465,0.8114427394162109,0.617191288459199,0.7276259906319155,0.41029255099983747,0.6526155988399782,0.723385252478789,0.0845880298772921,0.5736421644370227,0.6847650741569559,0.10534035013971693,0.5953444438856756,0.5313249596631241,0.6608269039810312,0.6610019264143937,0.843989833978775,0.4652764915143317,0.8589709327485636,0.6184059025074046,0.4552822890528525,0.7874425642448584,0.6629319178004496,0.4680921073418548,0.0,0.3702767279360582,0.5644883520208971,0.5310009585389253,0.4302928529325148,0.25362281197678116,0.4038238270380115,0.35632227092772395,0.835273126429663,0.40658684265632844,0.6151079689545305,0.4366371899104642,0.7234832708150547,0.5055962873992487,0.6237105957313752,0.6646893671748799,0.5449880941231556,0.5103368169036755,0.7820677832768126,0.37072462255277083,0.541893439799985,0.5811080536700308,0.5284264016074449,0.5934571207406965,0.4562740469363883,0.5895809178145024,0.5415973824604517,0.05722991969014117,0.4345739586665714,0.09036551804764931,0.6365681496743091,0.5093982494065121,0.7271250911533125,0.5334048054977648,0.6170705471093408,0.7968113078460642,0.5672560042757732,0.466554382367648,0.6178224865738852,0.5076594002713263,0.665952437491487,0.09676963892584897,0.3585567923445953,0.540433620605887,0.6366903324191131,0.6669779822823738,0.719580987451933,0.6560259856294878,0.47553236339399707,0.11549470369482377,0.7866763226259295,0.47772918132677916,0.761870465064385,0.6560048299954017,0.9452076646338865,0.25639789001932267,0.6061387407625908,0.11098478521318611,0.7380323165222187,0.7313447060837883,0.5546043263244138,0.0,0.704988074402071,0.7121759802967264,0.813836483752169,0.4843770475352274,0.3222344600359372,0.6752584645335064,0.3541672869008909,0.5990762398897554,0.6055613576273066,0.8349488795791343,0.3678184345432481,0.464211380479365,0.40335549163238243,0.31293050776439807,0.8117668688586432,0.44802757356849243,0.5287304286755207,0.658642316933804,0.0,0.31370728090800015,0.3672888916928531,0.10275010175994041,0.9335150280388333,0.5209283929425043,0.38440210548686327,0.6270243442635008,0.1620944174542789,0.5713204594695429,0.33748827387372043,0.604341163343595,0.4618059932550149,0.34887847468150895,0.4324679757688101,0.4417574054077227,0.5251763361929005,0.3914530556849089,0.745713828238283,0.42672332278978964,0.7721137273610693,0.67640363319,0.6349447324772095,0.5507483705544809,0.3710311909843837,0.37518828521441605,0.29474552368892076,0.5966755349627721,0.467392535575399,0.6804079635632072,0.4351647036819494,0.4623167496867138,0.5388192111367973,0.6859128491737729,0.676878441982584,0.6448725319138703,0.26576062123146754,0.005931877798010085,0.24823039204516315,0.8415084657157247,0.7839743170172178,0.5581843787399917,0.3449244587230172,0.4510449557066025,0.5574431742823196,0.79739977165433,0.0686111420700318,0.6250034441918265,0.36249960556311567,0.31655162008317145,0.23611976235194929,0.787513299459639,0.36733355625790765,0.0,0.8180170530600005,0.3735201949710337,0.5441310126928771,0.32004025093198546,0.6822731785625901,0.48156596093602094,0.2343617447981884,0.7577260816092505,0.42991768981021267,0.3655323042741509,0.4749266848008108,0.9452538175270924,0.9648741192203306,0.48927733325551476,0.4772840521174549,0.6265269707363872,0.7162295899952124,0.6794862340032367,0.2659962933307387,0.6047078077112833,0.48141507240660336,0.8175867562948027,0.4532269396449926,0.7804674976709958,0.4600454042189336,0.5441309586877477,0.5993209479590911,0.3805613858806199,0.8267161624490593,0.6431367923974095,0.4624560689189518,0.46848330000460287
3.0,0.5870608141280477,0.7132169416039651,0.40387072142288344,0.8621523837893212,0.6672999509732888,0.326267787516607,0.7499167697284892,0.6946697607888322,0.6313042433712304,0.28007555104746307,0.32718854957260457,0.49714651516103014,0.40852181003183297,0.5535113340449773,0.7035425734431014,0.4414711598720441,0.5660949738185761,0.6033242766168738,0.7711432730880885,0.4110228592453933,0.481005565043603,0.7451108308423591,0.44564567565693003,0.5606909063682726,0.19705310782757868,0.1527556998741516,0.34586053051135696,0.4654824643312928,0.6969641239689276,0.715991482374983,0.40326123705593764,0.29883697850690766,0.6637440567412077,0.5967662776236358,0.3331552959864947,0.7312044161493253,0.8063040634058353,0.6452598837596386,0.9156934438724728,0.6834174808109524,0.685745479272817,0.48476776749735767,0.623112905255156,0.7237236830057384,0.14797581227176324,0.4271847441750821,0.18488481475441151,0.27340321094259784,0.0,0.5480401808625278,0.5411553956431467,0.2510109795309071,0.63301651592717,0.38579089626111124,0.3172222810212682,0.5057724249331348,0.40632058055445286,0.43561123453377465,0.6487329058924206,0.20893876094957897,0.014429057872854114,0.5713137354387633,0.2837637881964381,0.9022896207808072,0.54405698830144,0.057834359523581236,0.21667691979391482,0.4202852006630557,0.4737315461304635,0.5081332791913007,0.5767159920731398,0.33163855582340485,0.5509945620440309,0.9044723870831559,0.4293493052595608,0.824162585387947,0.4001268125928568,0.32116932553857963,0.7594598088301507,0.6051608620341417,0.8287805144726832,0.5013421238158239,0.08818799723671744,0.33368333031238323,0.44772366044208534,0.7627142756398231,0.5116975503275433,0.27526750445650816,0.6557603417603141,0.6192066598000598,0.39162892852270054,0.46936592270881994,0.4828016742858654,0.5031741259008533,0.31787354626241354,0.7892146960375789,0.5505913061793414,0.6681523512120012,0.563113781483489,0.620588015832417,0.36987349440466816,0.4781528386165585,0.3162621365168875,0.40162949481850807,0.8121079292256294,0.332445584809974,0.5611594730934014,0.4795267948906642,0.7101238158861242,0.3209688685406473,0.6394439683735209,0.7895762062598396,0.7406275108518765,0.649312967086756,0.4310573047721005,0.5868183376295963,0.7158757281008657,0.5241087066179088,0.2422663071153239,0.7957353244263708,0.1892393331864703,0.5788260145561154,0.5640414556211474,0.39172845378195015,1.0,0.4517097037551423,0.6200027361812489,0.326923192894614,0.6009322857009599,0.8307511735431323,0.5633651113078189,0.28120265688665236,0.25063736457042585,0.8792378562804813,0.3237019508722998,0.6585633331346574,0.4743142080726695,0.7048231060622904,0.2491628500328467,0.7380493113253466,0.562264417126115,0.6198629278635159,0.23541597363096253,0.6460783849906893,0.5254579747284345,0.4270614265303872,0.5580795812675783,0.843469232423816,0.8635855950994953,0.5494194109559428,0.7158684934541178,0.6415076537213029,0.8229621814701046,0.26060798417284675,0.21114625423088326,0.36570247013879215,0.5093086039067701,0.21955104042097534,0.46820843714514226,0.7690464686219397,0.39005349410470397,0.19273634662883554,0.7496687563027106,0.6611605160868215,0.739984289622918,0.7079818516640177,0.5096239108235436,0.5913463007100508,0.40490673852065096,0.47102843287817264,0.6724148300567494,0.5296882806594587,0.8626058776539206,0.5566169497757429,0.0787344360310845,0.43970996798389794,0.6500742160132953,0.57347731418217,0.7019196031170772,0.7545240743113691,0.298991582969049,0.6996189806673244,0.38727472149555014,0.587269159440484,0.3677374443693725,0.4274236443573949,0.5949984640688318,0.6235419678991474,0.43912444277440044,0.5266140272797982,0.4338009963866911,0.7338219429323817,0.5155393742981884,0.502278454331316,0.6096125097374532,0.6483596242667011,0.4144448973311837,0.5761306978026351,0.0,0.1737524827137325,0.8330054319458656,0.5933880272773607,0.1536707227030271,0.6256336245499122,0.5098444241666557,0.4081151599550048,0.3119615765998786,0.3587444875888401,0.6160937066628364,0.35132859555607193,0.407773978525652,0.30603608569421364,0.7885458560778987,0.5675052063389782,0.32053136340792215,0.5651743564385069,0.38878383825321594,0.47778017465935974,0.5541838775522608,0.6229852052964877,0.4728846958928451,0.13412488933549693,0.6684449708736039,0.14537112975679703,0.7783057622121621,0.38297609480877454,0.36834228393526863,0.8276574125048459,0.9521930441360851,0.8199685439364741,0.7998570786430814,0.552513022190678,0.7333913334916087,0.6093075889250461,0.7376250553833018,0.5156845757604749,0.6785069051647792,0.35317107493840605,0.8311329020616326,0.32076794672645453,0.6072780567602034,0.3938509572128136,0.7243310460139987,0.6447104522923695,0.6710255047440684,0.7388940626356769,0.6035899851694861
3.0,0.35110868374395005,0.2918046191345949,0.852852832165793,0.8790273605198821,0.10149475006203297,0.429520400063015,0.9205836853488796,0.2045720931339572,0.6476910522676856,0.4115278954263135,0.3930353784051299,0.6317887911299658,0.1973164199256643,0.5314264524531656,0.6806859130704793,0.555029774162645,0.6148434740196705,0.4613185653319708,0.7423835406775945,0.742515065755875,0.6059467897328876,0.6901787696621321,0.865832336587513,0.40005896810104935,0.1919652453453141,0.161712714946505,0.9919942772905823,0.7505222510146944,0.6767102406284924,0.3412618063506554,0.6675933599659057,0.383916201435109,0.0,0.3755530804192574,0.510327919965606,0.8279774360927832,0.7525024903852333,0.41548424516592747,0.8215178274501665,0.7742430751418142,0.2966612122413441,0.5024925963675962,0.5293407091075939,0.626166629647751,0.6309422361146603,0.3727350588080409,0.33812376971078834,0.14664499022763816,0.4573758826451187,0.2737025816907742,0.610830388994886,0.3131916167542975,0.18402460867117074,0.43655698969514123,0.2884507401593548,0.5503063265438418,0.7190094606873018,0.6426803069078003,0.7943309987019003,0.7763005854911073,0.6507219310911279,0.7376791824981433,0.5282759055986613,0.8536512676192749,0.9306144168486222,0.16094624906230628,0.2811210912502673,0.765596141557798,0.43975338338858194,0.658741033399405,0.594906461847451,0.5263425744313923,0.805645558783625,0.6841247227215471,0.7439992334035369,0.7053187969254248,0.5592407838103803,0.47703583795808896,0.9189246573044358,0.5536290419698507,0.9508897804471338,0.789312119904722,0.4632889269669192,0.6389681812052633,0.5294318881469098,0.7580714079863586,0.6113761028538514,0.6210286096209203,0.2779360942777177,0.04898203087401199,0.30903682548479017,0.5864504599952481,0.4408837571712971,0.8456497249180405,0.3819190393446435,0.5287936099574316,0.7005061394971401,0.6020716281197105,0.6226131840572662,0.5696156660932442,0.0467398115989194,0.33568583699307925,0.2831962973201446,0.48691612241428056,0.8919837019696089,0.7092435221515558,0.6202182341801553,0.2163589853366361,0.7445429816663924,0.3709938607212553,0.6487006054671572,0.8693488016317936,0.0,0.7577323494425038,0.6949482997769528,0.5386880835840635,0.6712378505766012,0.48295749330553456,0.7823615268011092,0.6673772698907282,0.08613047610283125,0.6514765585892153,0.22561618183308843,0.6542410864352335,0.39872416333791577,0.8050206818823682,0.8281618646811094,0.6207725656208684,0.08694788567218767,0.5538982906363331,0.8000918280239857,0.3921773913513986,0.514208911568861,0.11717178296252438,0.5004606144196532,0.5172760413860591,0.6122344617457823,0.5077868601659702,0.4298211936276482,0.8250218697413252,0.5110738268158868,0.6783088945890203,0.6374553204518097,0.7060346649739839,0.6668627635263858,0.6831656453995986,0.6877255104983653,0.5778351021294978,0.7767516436965045,0.4994897727443473,0.5223312539188911,0.5421599113685511,0.8044923780558991,0.48575446089664354,0.389283785345013,0.5460152967498618,0.8469173068153002,0.9189553555422487,0.4820047566466154,0.8659392540159663,0.47135657129512937,0.39462808209845013,0.6178139573282014,0.558421194453746,0.8244973373109376,0.5884876577656438,0.7472667816347506,0.3273966104036738,0.5718883076855815,0.5991858845861062,0.7075478168379684,0.8073055527757058,0.7486270640924042,0.8370389460740094,0.2212633073508701,0.6933239275255229,0.8738338042426759,0.0,0.6509989488905865,0.7554389384975964,0.1355574963905306,0.7543308947427764,0.5115343345732865,0.7631255664533471,0.7117846058047771,0.5969983840835682,0.5955873026947497,0.17922039583638813,0.6178753810343621,0.4515956292227194,0.3824050327799443,0.7028995475713287,0.5930779568805166,0.6512811329468317,0.5483402509345856,0.7002823438388616,0.09752932149729905,0.5591683510590022,0.1452420553658244,0.6679537252577907,0.5846564182851944,0.27484438653394955,0.6175793851984832,0.4292805337950169,0.4748866374034069,0.41002303303795146,0.20830539589129865,0.5657632922836865,0.39718157645995505,0.5404657115298772,0.779084159674971,0.6019863223808769,0.5894962516681392,0.7989699966088433,0.586427645930644,0.7718280772343957,0.08499940851990516,0.3808165982364705,0.6237971741771074,0.7060166206146626,0.5896759573422249,0.6692654687007914,0.5968337646317549,0.21570988970515848,0.9094777366044591,0.8624857347622862,0.4591444804631164,0.7397283289839288,0.9314364105478194,0.46797348503161124,0.7219951388679842,0.6136365733436141,0.6447701830425591,0.8072909446118851,0.19526236099707098,1.0,0.46197961517421043,0.45103529529222885,0.6445798832283363,0.5433498203668754,0.7130924311324265,0.8902767549725614,0.6334620118014606,0.7119162385997624,0.7527791450013485,0.5247082024712434,0.8235089695831606
3.0,0.6859986378778383,0.22383130433329232,0.4348113782425406,0.633190530693464,0.5369406940474083,0.423702461987442,0.5197110861365293,0.6509913396622266,0.6642480182578794,0.23324685748573817,0.48320736260755376,0.6062058075077373,0.6535668219309296,0.6497444596425019,0.5786540250066629,0.21404228823640292,0.43807235650809867,0.5576115872586701,0.7065761973230268,0.5902317950667721,0.5348601114690223,0.5933758329480372,0.04207611266704183,0.4287309721751342,0.34106029790189263,0.27544942207681533,0.6543185816248636,0.5504121529040529,0.9355815859811101,0.4380624351686177,0.3085523519965311,0.5812103693094467,0.5384444913846377,0.45088630184837625,0.52459133782016,0.7389758089223372,0.7872242768475549,0.42688957223935553,0.7892937205610507,0.7617371844937089,0.5628439688768072,0.6094841179722191,0.5083941723203483,0.8785446099397158,0.6077723178789125,0.3128471243857303,0.2137938605951306,0.4147908904126244,0.3544655696738995,0.1824103741952542,0.26844912247151603,0.33334431574538836,0.31522248335316433,0.6062517406778195,0.36608690982628395,0.6673665665965886,0.5643162246248229,0.31329761479899954,0.3318409921981316,0.2583526640568438,0.4989715025263871,0.5738262357694276,0.9454811285346683,0.5938035562935711,0.7417466610054686,0.18641741012905735,0.08916533526715899,0.7674218996865749,0.8305624922845857,0.5901016668001662,0.3998308254088606,0.15862735532082076,0.531680977988683,0.5849954982306138,0.4491382839978272,0.2948240283135124,0.43657092872033537,0.579840895385425,0.7646255713588102,0.44119823662839625,0.8894448907758634,0.6338521781886747,0.19023627527276335,0.4010773115975821,0.8088433228015164,0.7178646517841633,0.9376095381025091,0.43630993474575014,0.29029626641892925,0.3667359356960525,0.4518932143866622,0.5864504599952481,0.7585595000019348,0.2527372199803347,0.48354083618832777,0.28208633912758113,0.8618273136187269,0.49478687833147983,0.4588995754140844,0.8612672938712039,0.632632284063262,0.5581570885740108,0.46090580668206765,0.42757600966038184,0.6317174223055146,0.3922714826300889,0.47031866959635926,0.0,0.6781167541653962,0.589513106236125,0.2153767263107455,0.7457317643846658,0.628644984958908,0.2627259473676634,0.6293785071035998,0.7114597102437079,0.8405419583506863,0.573828565029914,0.1673584150500844,1.0,0.3690951424158782,0.6272985806995182,0.5165418767680161,0.3809810280954007,0.5812956810788044,0.696441156340748,0.7202872449847587,0.5272462948710575,0.3050203820151727,0.4802649651959678,0.6695850975458849,0.3095717528422073,0.4232880042446907,0.46396478899982085,0.5961564734735454,0.40448343286072347,0.7663673941179936,0.9768007560083968,0.6379672225592964,0.769875624742936,0.35422446738537167,0.41508136886478825,0.4948277721665225,0.6675193092832941,0.729117609662263,0.25999785144846616,0.5737375869589444,0.7541330915214108,0.6823595487620622,1.0,0.6905709945733837,0.450402504582673,0.43476797307248,0.6704751900283134,0.5607098783930937,0.4663029154596318,1.0,0.703696370962082,0.03085769377141241,0.7986795925830968,0.1856280328484582,0.40122701012725,0.6305367803871518,0.8321115514239424,0.44213698715972555,0.5405739434492872,0.5642233037354559,0.7231560103629453,0.44872959317967215,0.619911757588792,0.6836903767637075,0.9041126416123559,0.6522036161307759,0.4918482672687784,0.3145097759619327,0.7244055380737784,0.14515333527551097,0.5427207448480427,0.5226230635354493,0.6026845314441619,0.13836753456328238,0.6152352648825357,0.7685982146602658,0.3384631179792078,0.2884902274202873,0.6893431493180987,0.42759345212484845,0.8451531852570353,0.5980970318062803,0.3660956835423497,0.8446977854006673,0.7436012379196554,0.5344980750201809,0.5236511898552355,0.5097398237298831,0.5523338939905075,0.4542954562593585,0.4652552321863866,0.3432092623288209,0.306607707471379,0.6215018217597298,0.2581964463485569,0.6031897000558033,0.8052819157128835,0.49703793034247445,0.31127228440889193,0.6038341185933979,0.7715581771301747,0.4761218985535876,0.45761035734865624,0.3441156582521596,0.47825069968070355,0.6630228402319357,0.7453629909772339,0.7254470462460324,0.47295632427471773,0.0,0.5754688075162298,0.3526160582733544,0.0,0.58191955275127,0.7375056406582713,0.40517189800026016,0.17531848088577914,0.8297865317689226,0.38410865772406627,0.37482371794863995,0.7769777379209624,0.9236613740130785,0.6196600590025885,0.33828155386227526,0.6746923642048258,0.7945172388817391,0.9205759388637269,0.7218826387358638,0.3312621113941323,0.6107562575284052,0.4587673186630214,0.868005107612686,0.5224006433160103,0.8744292212763165,0.41142728273177015,0.7941944833304991,0.8545064411626995,0.5339274624743167,0.44983947632457577,0.5159292094150048
4.0,0.8528286429119648,0.7555126940172792,0.7415710248724992,0.8653969812623966,0.6929970460858964,0.8428097058352075,0.4254596459791519,0.8467722860639214,0.8540464353046056,0.5661833023280038,0.3472398532244476,0.16336536574659835,0.13966436006981411,0.7141818466745863,0.34911046126110234,0.6508497658333825,0.33235846773208116,0.961456334966843,0.38027109317508556,0.7866775932883783,0.7116311292143043,0.8673729396538702,0.38172895206638546,0.5284547007344801,0.4565235384263446,0.3762621432941451,0.11247687599631853,0.7103364809293788,0.9626732235672646,0.8226960023203832,0.617999372020159,0.6094849527249072,0.7195015272789217,0.7641279024256923,0.871911518843324,0.8416367411247946,0.9114627805950735,0.2842015036684168,0.6769248803504397,1.0,0.6985522061052791,0.6047270244702024,0.7634012909440276,0.5707090230849651,0.7324521418368973,0.39625987481667574,0.48812939660247634,0.568605525843416,0.5790064263743021,0.8452234796891779,0.7226356479568674,0.39160932565697704,0.2587760555177201,0.848039937313166,0.6802907690588782,0.5133444772827006,0.5780114367849609,0.6060163027425165,0.791599150485865,0.867788427717714,0.6926697798306732,0.9943158532774835,1.0,0.7814142321027393,0.7326303095808807,0.11686956900768788,0.5005701455185515,0.6376684835388431,0.725707111756327,0.6487730073497177,0.6066458547354941,0.5395394421632561,0.48763823441356297,0.11855896550408936,0.918544025679812,0.17083334910705844,0.6920379119196042,0.32240252022625354,0.8451250589443841,1.0,0.5093501519283313,0.8347783856837264,0.452854736438919,0.6460189726479594,0.40503938634647474,0.9590082994429643,0.06974309497820846,0.8014614975254076,0.7699889665064489,0.9128528100183502,0.38828323417226945,0.5580020493720184,0.5909155502443961,0.7411035931037159,0.19840268382812867,0.5888225832961691,0.8007396974897305,0.6057563198171074,0.09823305916796607,1.0,0.8419138331375664,0.7053162575955818,0.2677834529259273,0.2692141633935338,0.7823700098546277,0.7503576674538548,0.738991695844718,0.2583670410326746,0.5574711120559432,0.9615276110893333,0.6922030010996361,0.8482942348786817,0.3772713202950087,0.22921641578757915,0.5887896912794812,0.7345987014618999,0.7769781863580403,0.612678056652861,0.4662986336874056,0.7896232607796255,0.4109014192573789,0.5517617656373285,0.5235314567507047,0.38051673513202383,0.5068936030443033,0.4311026958975117,0.8286305555736769,0.8119951858849259,0.0,0.6251644223206714,0.35889724324203875,0.6884314412474424,0.7638481659332299,0.8619692655690254,0.3037405592750599,0.37137020712160507,0.09320264617923664,0.1361586285649666,0.1598856653759612,0.6096801709552888,0.730058802869587,0.6367555726970815,0.26276732272464265,0.8932216846363752,0.8777392907007203,0.6266362772615308,0.7471364576790012,0.5136758975519563,0.8018661109479576,0.5077287574924048,0.7730908230319159,0.9122926674700576,0.9369583150394191,0.46291609060669625,0.6625680741622192,0.5622027711357928,0.47857703955019354,0.8863939105540255,0.8168610907073998,0.6206648607305587,0.2751609778406649,0.2186299221208301,0.9287906901157642,0.7437863078987745,0.20047505621994238,0.8528684547393507,0.7901726462244224,0.6529127986829227,0.6639069238990687,0.16198996829860757,0.886907997882128,0.2785160256601693,0.8359071747201291,0.9493292023775595,0.38393261360238606,0.8289563255529158,0.49206013052945585,0.47409116145246716,0.3285128131847453,0.4984011065386739,0.488034925636621,0.9658053740021528,0.4306722367760004,0.5841736425667768,0.291509462017926,0.3834286281363105,0.7771163700180364,0.5619709474630902,0.43515981664432635,0.40547936551516045,0.4310208028436259,0.16168574922935894,0.5587975513329139,0.41709292742947196,0.4654460542305024,0.4747473130590972,0.1839186786480758,0.6002320953962949,0.2311704979580042,0.6121304302072462,0.8069271675666285,0.5363236223594201,0.7293871892623368,0.22090748521427073,0.7121032957420184,0.6354256665019539,0.586809318383696,0.8752211277681559,0.5226927393626091,0.6654981270455201,0.615493428503491,0.3892412565104818,0.7009296240055473,0.9023567162396771,0.525231229262172,0.46316545250564006,0.6156975071685221,0.6948008182330563,0.07460438323863446,0.8244131354299433,0.37845773688821893,0.4166123822734332,0.8576327036638219,0.4932964696803856,0.04545674556113688,0.5490394591526633,0.6890844821098984,0.8763487809079136,0.8996631358934397,0.48589981851748304,0.6499136190775632,0.5294127711154163,0.6613614989102251,0.4228183292273585,0.37399817957785125,0.6131166257888797,0.6456735432597035,0.5260190155265965,0.9654821079741829,0.35749226352307706,0.6451148422194792,0.7952949442162315,0.7555896825949286,0.5464307882553108,0.5756855820626755,0.6459140486808501,0.24666747708131534
2.0,0.576225638815096,0.48082760640928585,0.4994169255290761,0.824224118201728,0.3790058910251764,0.47389331663318546,0.40135850118987615,0.6755029390643024,0.7771129809637815,0.7040849038356914,0.30266293725249166,0.3649837289954421,0.3732933050552944,0.5549618852979725,0.2918489713374233,0.5924545257631743,0.8511036684417884,0.7251624524627636,0.4689347667619075,0.6202809292713765,0.7292818166732475,0.8367639570178189,0.7310947669779075,0.7990861648106578,0.3778600479945574,0.36560805704367955,0.3542664666281337,0.6690448297283105,0.8611278315643972,0.4581104161538506,0.3760150616428051,0.44409210955335904,0.48076589544533327,0.6659575338273757,0.6345276959374168,0.8502668435785472,0.7422726504809043,0.37241560841199783,0.4543025577765557,0.7984896024541392,0.4849507717010405,0.23089194559346468,0.4543498115308008,0.5715054665801033,0.48618885599476624,0.35924897443409665,0.3604812731653267,0.4677632076790488,0.7257675083596564,0.5026216040297644,0.5350990974814496,0.621640759078476,0.1867288866058063,0.6055106268356154,0.5617867776250096,0.6719721990857958,0.719333546735277,0.28573426592232465,0.9011176974582196,0.4955135670764702,0.6773004543908178,0.8458964271628113,0.7274240613111406,0.6796100942974225,0.6012216395019098,0.415664903623761,0.49816710807872666,0.6226014144930728,0.37561331843580936,0.7552907560577593,0.40045587814982286,0.6017863480872442,0.5919613989975726,0.526763546984432,0.6906761748356078,0.75715288173561,0.5793455787418413,0.5062214817438216,0.8098977269444481,0.6245876079778523,0.5186485643484152,0.7828752178473162,0.6961768774889201,0.7696665101309388,0.6128330144994069,0.4346616444709735,0.6119982830721231,0.7037881918277566,0.3889553661674486,0.6026581358152084,0.4896708509603746,0.48967564048982465,0.15373716803023402,0.5546027717483405,0.4648251285686027,0.48843825555706855,0.719508650224418,0.8116240592492585,0.4870450691074024,0.7148976025280701,0.4044005100232385,0.5988298286872278,0.3473037770100991,0.3883433284799706,0.6355359440104926,0.6542451406051719,0.5696618234926304,0.4433546810456684,0.591816211931508,0.7823020293145846,0.6540039889536887,0.6234624406022128,0.5543194140864155,0.6755670127889243,0.8081727877152525,0.2246803045976771,0.427743148669907,0.6374978435788633,0.7021019381905262,0.5636330498900427,0.3892788125922092,0.7640828463020504,0.23310338185692173,0.3299621935009141,0.7583595931478686,0.476005947285944,0.5092515701556345,0.4063525723170197,0.6297973358320313,0.49274963431111257,0.5235706302669588,0.4308683032511661,0.44685015857652444,0.4844313245279379,0.7586600771692001,0.8826025904152912,0.2815438083665723,0.7434031025586773,0.22963245235505758,0.7124092392208481,0.564491580278716,0.3719472757324008,0.40310674846067945,0.7500497942363837,0.9270165355444965,0.6533699195073557,0.6398766706237955,0.5891107068219267,0.7373679594933581,0.34441038690211323,0.0,0.4884869857776606,0.910951820252089,0.39539477375030213,0.38186191250578044,0.3981474834796771,0.531315608001439,0.9472111509594967,0.8213350011506909,0.4869836962048796,0.530880686609515,0.23049058048185553,0.32580408224924423,0.7332420678624434,0.9354934884334322,0.790354585223668,0.5664558943162437,0.5397653162394941,0.6788974922152691,0.35436439334219394,0.8084315710558103,0.21902634582914057,0.5482707780151472,0.8274116592027658,0.24212563837066783,0.6235248539981447,0.44737801607382993,0.4884748616091452,0.22711426360132742,0.4608088077920187,0.7062312386347072,0.7482251599484124,0.35266413592585005,0.6897599693228131,0.5721937594720962,0.3671233267601451,0.41031101124254354,0.41501526517982534,0.5879782851137397,0.5215616373704732,0.7236706652854837,0.7375403995595967,0.5278495050911594,0.715207231734261,0.7472304468042871,0.5487404953306461,0.4555258127056961,0.4037646811986002,0.1711483615669498,0.507523450410116,0.7725146322645274,0.6273949711662253,0.6734925832340496,0.6403199801790279,0.6543381243488698,0.6564376979088565,0.6932343294711777,0.45833563832581303,0.8255724653228674,0.6068951145065127,0.6393399287267065,0.39513527732849196,0.8031201252757659,0.881404308727189,0.8126177974308745,0.7682603892433718,0.911352879033341,0.6473253844724831,0.5114457752110309,0.6218814723103119,0.520605267429206,0.4863152043862329,0.8153237841098386,0.4333417926553251,0.9142744192858441,0.941489454295067,0.602257968057134,0.3711236574898814,0.2526586712420815,0.40929170782110685,0.7169703150321483,0.6380344715900182,0.6512401737356542,0.2252108696494785,0.2988013690526882,0.8056457911641839,0.7452799233906192,0.37589837317583,0.7553764955482473,0.5539021074072589,0.5000431822473714,0.316088413383334,0.5245194994826551,0.7685935923362576,0.6045337458781284,0.5205513352390895,0.3455712172511637
1.0,0.5623156187463332,0.5432558871871419,0.5669191268058907,0.7153325085669465,0.38969737666533305,0.28632167638694694,0.3535018221831013,0.8936194803958037,0.3834804704090801,0.14055879657648968,0.7152366478937005,0.043766935611684724,0.5294142771039559,0.6367717224990779,0.0,0.47515735740479154,0.21365257166833526,0.8873421046263027,0.6229094091181551,0.7701091379140278,0.3897578854365284,0.9507331406092122,0.39152758485037753,0.5366852865855136,0.34069522389606777,0.0794690020502454,0.2693520349792777,0.5354767091241295,0.630223049153506,0.3228774770178655,0.6325591382149297,0.5359602952852378,0.3855048677938783,0.6973673727136722,0.5628769281218166,0.6465592853110232,0.5428220465798642,0.39626265238016567,0.22221235119791521,0.8259769322257969,0.7998585347981849,0.6090326519083401,0.0,0.5239267798529281,0.4320595891319506,0.21265076054404955,0.2438336349455888,0.5264183036555872,0.6792521411560694,0.3037909351158896,0.6787389062237141,0.7387414647071772,0.20226033403572746,0.4835032649315073,0.4390758916006368,0.5853420933190606,0.6840463406633153,0.29281469496573814,0.9806294175555069,0.8324445240423287,0.7638255377808979,0.6905539147714604,0.7754325220985321,0.5172372382283564,0.8096983947628835,0.08227459180581999,0.6222494207127856,0.8003707424840835,0.20421552991987577,0.5416563153124723,0.5519216260629937,0.4302007829254048,0.15064998927473017,0.35150150828395715,0.3150082289058131,0.8379484935168507,0.5303155300840737,0.6040619089233696,0.7154741954101954,0.72469420365297,0.4366999854142049,0.44246498718626104,0.07229050294815009,0.38958568698235335,0.5146939441851108,0.3671735390648818,0.0,0.5873567260100973,0.6470567343071016,0.9474948309583472,0.6191760630333157,0.44145653878519103,0.4037074707897279,0.8652437372401832,0.43445450061096513,0.5089270697023334,0.6661325054337311,0.5711013046867301,0.4303596085296439,0.0,0.4537913606313953,0.5295488721366675,0.4945559580848717,0.5054669658317522,0.4608038338356566,0.45022516920180833,0.6949594768883673,0.23607568259620068,0.43992738764095723,0.31597990389456176,0.29341842241853006,0.6528017765618906,0.48380175688338706,0.6136054560003815,0.656579466927819,0.9303630858167263,0.6712378505766012,0.6248595970713834,0.1974498689581583,0.5590722934465113,0.568239658183079,0.5672664939271154,0.1932727165962955,0.3427375486346928,0.40407109721269585,0.43413561929352235,0.7499270411632601,0.5363541104376897,0.959384858947925,0.41494076743966596,0.30702429286943234,0.5210755484223426,0.4635176858133742,0.7573957184808738,0.45142378086140517,0.8581192731488979,0.08176784847084921,0.5082821401754722,0.28789811573348384,0.6431195370179591,0.7168921027043662,0.5329401718814906,0.05424943094023619,0.7088954461938273,0.3296848824560573,0.23456316586311257,0.595855428634486,0.453849104170811,0.5969374591921572,0.3419049532679167,0.5586821084871199,0.4466933280177689,0.7930058908729863,0.8306366609535979,0.4517039675720521,0.5188294103184649,0.586203771112599,0.5132623924161064,0.5607934230082885,0.3643807075267196,0.28782185975575875,0.21504852665122412,0.31370728090800015,0.6484330368685755,0.2758161666264575,0.6859439211947647,0.29397287584133025,0.3987719429930665,0.605446581426389,0.19861584057411252,0.6342762978194965,0.1902501231924603,0.49150986795037627,0.4973701604193042,0.8180580574347972,0.5547625224425939,0.5345766148797784,0.353778663466583,0.18828956878790273,0.6361169147965335,0.9724383728749008,0.5141200845215387,0.46648244288238694,0.8463018016488022,0.4597486165183439,0.22786896563098974,0.601836832678252,0.13842450645103038,0.6843677792599454,0.28826493820208915,0.7168690118775509,0.3637752833703809,0.5052639300671963,0.8421373202103339,0.9422365713054711,0.2105029244003611,0.40214297147658845,0.35468015507237843,0.07465611496586796,0.5498867768677583,0.5786223040180609,0.6167780333834951,0.6464274802866603,0.0,0.3215826214969129,0.41644783395619805,0.7447794218954686,0.4928027922384001,0.79471776737664,0.1694622683852646,0.44193545821064545,0.18914037441414527,0.7135526252779376,0.8235541812675545,0.7621131030227605,0.751152150462631,1.0,0.5679421255527831,0.04225630251533011,0.5341318866027426,0.40076420579887634,0.29215890401928074,0.5856170226587769,0.352806498836345,0.12426582451312894,0.5152076960127248,0.7707486324931856,0.8715176345170018,0.34136444314012687,0.686740925553422,0.5728179523477374,0.6276559072160229,0.7546994834086258,0.3809399611909545,0.23400674329995125,0.4547937073476374,0.5950356163100211,0.2971197102457244,0.9475708822169085,0.11862973724064753,0.7400854719572088,0.7685102287067254,0.08380267913687145,0.7641073178267432,0.23923640125621912,0.4782095786037376,0.2692197756564633
3.0,0.6854090354867215,0.8797665660519893,0.5726172978713977,0.6756282997293472,0.5835598748446417,0.24601168579661142,0.7531474253399078,0.8747834149553035,0.6435879535576636,0.5232488563800958,0.5162674180814995,0.2717721072037699,0.39145216519144715,0.6652864277561049,0.7869170625975251,0.28366518611159475,0.558488649593177,0.7697282089004612,0.6589375461348378,0.6503612458177794,0.7238443178573747,0.754527791862973,0.5241917871653492,0.6797254634315293,0.37662790656255357,0.5489558693741226,0.3045722008853833,0.4080776634299229,0.6863943962033604,0.5551628932769671,0.6699228425390008,0.39531892706900085,0.5146120392283602,0.4902272953882655,0.44066480041083056,0.6977916886065311,0.8561711136907594,0.5291302047051025,0.5871907792860175,0.3590473940480446,0.7427958810087878,0.6667417427636828,0.5923470629277734,0.704963452045069,0.3417308259843376,0.43988716965489066,0.32527714212786635,0.20293339621374498,0.4963234628315092,0.5191781759879771,0.5376629942013458,0.6977459438496275,0.1867288866058063,0.481783244897204,0.678878858367679,0.7509351797931004,0.64889887634219,0.49726316774522206,0.7185107049649319,0.38301772572150605,0.7329706938436925,0.5991407511187233,0.696953577707252,0.7195925748515342,0.7736053172334267,0.13057580631588409,0.2651572818314861,0.6939502389478235,0.3155123795796355,0.7043586242076263,0.23083458411941457,0.5356384167513712,0.6004581769312762,0.8641110542076768,0.2835130191392636,0.5810237352813289,0.5366414941282207,0.6724675259153211,0.7721059377642967,0.6143973275787028,0.6916842771789941,0.3188865123426584,0.48884565377103895,0.5908283186164978,0.6511326239068405,0.6459134230617299,0.5746783498593386,0.5171748319096566,0.28019905036901593,0.6265364870574376,0.22257152691525361,0.5345776133107218,0.47826560003929086,0.6433343513936213,0.16682591902493424,0.5266224591025002,0.5174775167074154,0.4994355086266794,0.5060447893747948,0.5539228978258558,0.3894178513875904,0.5230837231345932,0.3340013149343571,0.48947718274745106,0.7722767324823906,0.4485628797665751,0.6848946624625495,0.22920295032044108,0.5617806584199053,0.740942808378102,0.5641418428840739,0.691581819102374,0.6502593998797492,0.4917230700506667,0.8016202977156907,0.4065915777784419,0.6211532817785671,0.7166641821392049,0.40104069805216414,0.8160268297764147,0.46583124575652257,0.7621173184909462,0.27301133118599635,0.44472464312612114,0.7966625544882207,0.39890051841449564,0.387732902950028,0.673068032681224,0.04718397526909878,0.7995084884908246,0.4604523672590346,0.2768956143703546,0.6921554223078435,0.6565500545789597,0.6514814578885766,0.5774530051716542,0.7331304500057381,0.606199793358289,0.4031983911117445,0.6550891921658707,0.6081613100723468,0.48802268136490506,0.3201564082360238,0.6963565814253613,0.7561328125486065,0.6004589584275382,0.6961044991772364,0.6147455340827706,0.831524368992621,0.5565594359425212,0.42829204100325213,0.8010307875675836,0.7598840249047042,0.41395650288069735,0.1495340932086956,0.4366875244670827,0.43012714112927086,0.41318505717738496,0.658102680084799,0.6199222993459405,0.4391705638339293,0.1804337547470955,0.49787131582460664,0.6316689994350029,0.19319248337367845,0.7352519322454658,0.6997817472545701,0.43145971381678505,0.4954881628844917,0.2963790573434741,0.8699372734171255,0.1914189835172066,0.5757347097788008,0.648330356869873,0.6472768358838791,0.7607243680157082,0.5022523683994773,0.41950145650155657,0.651715923093163,0.5466310399222128,0.5021656787251622,0.8719790716576542,0.39298188829399383,0.35254072469675973,0.48419340900322433,0.5100541516622349,0.5807117146453401,0.6943048833020394,0.5735793345478282,0.8075036760823193,0.5416790084483412,0.5878618053453543,0.6838044400812822,0.615679229478204,0.6685777826039684,0.5987759273346049,0.3418243844066489,0.6098682840740514,0.5081975240360218,0.6221947376890844,0.8244537372322002,0.4434066262562098,0.4248869616415594,0.6896637137998253,0.6820430936405214,0.39095442956393234,0.5146051741423813,0.4059662799719195,0.575803584229328,0.4700027399456844,0.6086271486528563,0.19712725764278102,0.6309657030999427,0.7020010986508446,0.5423504715639059,0.6644344552556812,0.6843630636322333,0.521090722424704,0.6999498483420936,0.6420321289552531,0.36969972033493836,0.29594451235445385,0.4438147110505737,0.03650607153275462,0.7850104246996141,0.636604445278801,0.43345003324259807,0.833814389457063,0.757793741378055,0.38832722329430847,0.5981439579174684,0.6055517751289807,0.8163127299427233,0.37804005080994807,0.6691780914976073,0.5012046489901901,0.7044337598097,0.6266194235208065,0.8599692891776634,0.3800128763663205,0.6067881993777782,0.4563909354399545,0.6468452555556573,0.46924452383812354,0.66423458415985,0.7047765897485792,0.2582130731430035
4.0,0.5477122278041301,0.744152116780318,0.4792848584587478,0.4039145388905477,0.5874718732917061,0.4341551368255809,0.03980066433436082,0.7821069951829788,0.8044373085184919,0.43933348946437945,0.42788585611786684,0.15471702550423794,0.29422650079715235,0.5062725842076682,0.280862476535712,0.12812298958215415,0.4586568010319899,0.8918693910949235,0.4361476160947307,0.4689536565494755,0.8425594841372362,0.9732353630353033,0.7043198193890835,0.9735397021941327,0.8751274769410268,1.0,0.47273390011487915,0.7327435123737084,0.5743449372220584,0.6951130097038954,0.6641736522171464,1.0,0.42132596477765,0.5965410006579451,0.7581869210855756,0.8593582786871413,0.5513986105392523,0.37555959150137136,0.7322546123450583,0.8031404617304979,0.5564976546798057,0.46879023620592664,0.35914148431368853,0.4384321550612405,0.7264891690780518,0.15317573753760882,0.19267059224370503,0.44981222488571204,0.9897311134276257,0.09687477864969692,0.8893441752250234,0.45104246374593404,0.2587760555177201,0.2704203112282644,0.5745896207515798,0.6674856672087345,0.8540074365293141,0.7566227032063166,0.9372022177394059,0.4765345587431815,0.8828681121888295,0.6760564914391858,0.758090729109052,0.36766117560087586,0.8502123919766152,0.10867378638691517,0.9822639921069217,0.7104970701475446,0.2893584690917098,0.6765054817144919,0.40618825016404064,0.26747389998776694,0.9206242706124189,0.3822122537522069,0.7238065326773097,0.753219204918403,0.5973710167827456,0.7490258534207187,0.7866935373254974,0.7628666791243436,0.030716775416792602,0.7680467098317101,0.21604863562878215,0.41082875133655766,0.597328578504169,0.5680792777189362,0.6647585712107168,0.7322694917381045,0.869765176084598,0.8286174760879138,0.42965292808930106,0.7262632742079029,0.31794084039113174,0.9680878998470357,0.1543887682434285,0.6237105957313752,0.7608514184955654,0.7366830366941471,0.5476978082090042,0.6451530418989618,0.5648386540693229,0.6861738916256729,0.32574612617638465,0.5410548338318286,0.0,0.692023220747956,0.735298327769387,0.5132430958525255,0.28969458394415615,0.6593638206316156,0.5499585239209862,0.4833633669933492,0.6266373703536534,0.680343509559297,0.5029920467794361,0.3022554899880913,0.7106991450521061,0.6008767251315396,0.2821345269322855,0.5212537333436775,0.33025790701364627,0.7218971097220066,0.2764880272638313,0.33626983701785473,0.2990677232359442,0.5034980080722117,0.8269869558743199,0.673068032681224,0.9212847595682712,0.5085386212327834,0.6335995852912606,0.9443861861334647,0.7713265296756848,0.930645437614238,0.8572373042939313,0.5382413505206443,0.5815519781043101,0.355078901386785,0.24442677295598678,0.6461747872082899,0.8705503245748699,0.7353309856607885,0.363066561017805,0.7960847888366058,0.8784465128193872,0.6599022578322568,0.6660395579460363,0.29191210039279253,0.8238034832647082,0.23871078539745497,0.725926819508799,0.6070847497378027,0.7001691182756478,0.10875927925221185,0.4964352935596603,0.39175387110559146,0.4270268355455782,0.9040579564951333,0.8140197774121961,0.30250961325280856,0.4127922619871248,0.19985524316747827,0.24834457360652984,0.7217370467347936,0.9702923466820729,0.7977284602609721,0.6288072670237231,0.42809258221067126,0.6933137443910973,0.09505824021676576,0.7571806892558891,0.26092516711731883,0.3593774873048247,0.6733556622397482,0.3419929395926336,0.941322065250996,0.37655562418540417,0.39731315687516894,0.13982563626572794,0.6765066371452583,0.7218884662380752,0.9630821617877201,0.14706528452774245,0.2357932936012897,0.544013891665029,0.16348279487584783,0.34470809179052725,0.004558328680703403,0.5595674207623095,0.5139396948525494,0.686209337473626,0.4785806680602465,0.0017475847182176184,0.5754509556277634,0.5865987446422503,0.456978952356614,0.8816306839649567,0.4780818986735116,0.4208642388627711,0.37955796747266907,0.6744910087126973,0.4859839225150788,0.7803514319241154,0.3794568369896245,0.8258590730245562,0.3313512435771446,0.9487508251688186,0.7144884491695122,0.6755926932084498,0.5309819832408064,0.5148488938615059,0.46386007916691185,0.5498560619646818,0.791875610066304,0.9376023191216877,0.6574233409794943,0.6476060962731528,0.5768244991915799,0.6439826917236742,0.7281502821238284,0.030477390226333216,0.24137580838726788,0.6694330233289314,0.8897745035835192,0.5750632585338394,0.5142566692049968,0.8430418567643214,0.7796650107023197,0.19468092991705088,0.1493778347832554,0.3411532587489372,0.5596154121054743,0.4930937027133302,0.16450503407850578,0.2840606197856129,0.6094887558366888,0.5337042618384329,0.5095474263951332,0.7376913746965028,0.4232867402306435,0.5062645065299053,0.24970200931455522,0.4327667567444107,0.8814766493362356,0.45272492526714897,0.46562438496244224,0.24742243204337092
4.0,0.8177527011850948,0.4633871565201128,0.5087086495734078,0.8839712368588615,0.3930640663521733,0.5187324392542205,0.5539095889759756,0.40455114304419787,0.8166431933344281,0.41211381973574857,0.40894660090573076,0.516460525211596,0.26460860361536287,0.3033955187467577,0.8680365629368416,0.9212190037360745,0.8182454771991701,0.7598032751653222,0.2693485434989676,0.2835603954717565,0.9529278535612672,0.7143783214232875,0.8922675305424086,0.6093074415357841,0.5184926789777948,0.08374405778373281,0.36888076299594663,0.5544207237082147,0.25577569646540693,0.29440926988209803,0.7411774446496223,0.5093301651806953,0.5096773592787839,0.6771929658422472,0.6711265210117568,0.7400687946745028,0.5013369286672901,0.26525994372762335,0.4903609410729884,0.9867103817539584,0.548365300338731,0.5829679278040472,0.6312771006849972,0.5843610867482708,0.4988702287213083,0.5018987753407378,0.6490581129178763,0.3585811408482205,0.5559691448405293,0.8569581309239354,0.6307464177237257,0.297427860720199,0.26809219511069327,0.44880851131332944,0.6796967961926811,0.8257758770401925,0.8669685656724456,0.44172355757895715,0.8790242485598538,0.8158626976483123,0.8255676815639563,0.6139141372245069,0.8179345962668872,0.4383004098425044,0.7984743035468668,0.30656358703159636,0.49915004693131637,0.894128019360155,0.2313295105874087,0.826751368495149,0.566976169270516,0.37385446264285677,0.5831521857899896,0.5759010365283455,0.903203929884685,0.7777954111672459,0.39721146050768646,0.8662047678737526,0.8348995622659067,0.8026924993023319,0.6144448487400253,0.6401757694054913,1.0,0.9401086806028937,0.742411615868566,0.04091279556511341,0.7795799669806093,0.8856002935258095,0.5592107577010694,0.5653064400353154,0.06374992551540455,0.24002405287635584,0.0,0.9377036378106125,1.0,0.4849686275332411,0.0,0.9816190671335718,0.08404480224875839,0.6041117213075827,0.34993130051882515,0.44368844836432175,0.31737292453654103,0.7993231525301306,0.7858429668489259,0.5894068925300282,0.20778773692807287,0.7583054768202289,0.6275053587802467,0.7668029192731441,0.7530977269757438,0.62190308649281,0.3621805666371565,0.6618672467528313,0.0,0.3429094257029362,0.9771359924794246,0.5618021601869375,0.8229931112449655,0.9671667480821915,0.21645500441859855,0.7515963088004308,0.043252014390798094,0.5084458811284603,0.35525248371373963,0.7620680747288506,0.6555883987148413,0.7925622611533278,0.7178891075660168,0.7041277736683457,0.3547186083724823,0.4537191527498036,0.4786642046649072,0.5654227643733442,0.640207117764379,0.857798010835273,0.879373341014361,0.5654530042699119,0.11468963643542711,0.728421588548144,0.651861774073512,0.3184612555361015,0.41510274312674306,0.8675557509901968,0.8796204530968412,0.46346615850325057,0.39434663984913526,1.0,0.6584409581283217,0.619453712442292,0.7034930815207772,1.0,0.9366170120643306,0.5285270822034868,0.5765121331602842,0.5637076510017875,0.7981849128464075,0.4254032242312941,0.6277336905955279,0.4374728160784888,0.6685908340480553,0.35404157926666385,0.7628878894786311,0.5042836238959554,1.0,0.8241825107074207,0.7917002684727346,0.29444475571670026,0.8172546620590725,0.29499857997322426,0.8643617986401367,0.265328647498903,0.16916496199775408,0.9497893525503168,0.28395552525200024,0.8846555321209483,0.5485469243596667,0.6033921649966397,0.1518238559362217,0.9283501732157736,0.3713532233799422,0.8201739954565821,0.771333703821854,0.617073119589261,0.7440837460623475,0.3175894041557932,0.823332095337055,0.27601331097197157,1.0,0.6266362465174067,0.33266764823247874,0.7485695941794576,0.4126307549610799,0.7654879788222929,0.792039570975974,0.3981229950321108,0.4905652816776108,0.6845215678718307,0.39305158700451087,0.47020133837189937,0.381510098067707,0.7676251388075124,0.9489522482878205,0.9330205387154873,0.8114169504836665,0.8561141062821538,0.5776745470556838,0.6848479726630551,0.7001939461415143,0.6572375647906247,0.7946479481534461,0.33155743730472254,0.0,0.9227050464332598,0.5579700213002001,0.9580142984838359,0.1809051353812188,0.7084846473735082,1.0,0.7645347712587106,0.9527511559545667,0.38961945927343977,0.8754961254870628,0.09452286543138606,0.675890255301346,0.9144701697883243,0.8344741894733113,0.13400638292025255,0.635436729414389,0.8660002843324875,0.4750980463074964,0.9343853247407752,0.7842847903793149,0.3930879984323354,0.8131400773030681,0.875307324386457,0.0,0.7553069903689542,0.4694684159880494,1.0,0.5458029999271179,0.9342070652304754,0.7270164456052134,0.2576699219081071,1.0,0.3482696819273026,0.283140668204073
3.0,0.6982506754024633,0.5557812474866842,0.6120404770601657,0.696794986846801,0.3483862646871279,0.6177592453046656,0.5225953663268554,0.7122460667774916,0.7856825619266616,0.49191527211369596,0.6603665228113941,0.5361417859447397,0.5588647125482236,0.7150715458795308,0.7100588612948382,0.6680217087865,0.6800820905673189,0.6656949616213764,0.432968462677806,0.42418801478928553,0.7283576995599134,0.8549732213250023,0.6765540921431987,0.5141010898553093,0.4331371566242195,0.3032269653022219,0.5534633779093239,0.36072795883277947,0.5991986557041168,0.3647696104262913,0.45926683904409094,0.5115688357643683,0.5205215791939596,0.3351238285787316,0.5781597952546998,0.6301554080503806,0.7087596794058956,0.5111986448072868,0.4301312396210226,0.7884597382905261,0.7022851066959114,0.6570067768803659,0.5903531299386555,0.6853365616430238,0.3014945555499486,0.4687319890674561,0.2754485652118827,0.2969750540260208,0.7293614379259248,0.578275214199594,0.6294584439094275,0.7417507548448808,0.2302456606412103,0.44787819839081466,0.5993724603409989,0.6934375389049774,0.7279042653849324,0.520729853062209,0.7777168761249329,0.40674511741699204,0.6305559241350384,0.6101870340609626,0.6483462161698903,0.7755786367558614,0.6035973515364533,0.4115322827579554,0.4025740930000126,0.6706319035185833,0.18933145333130144,0.7249562475435006,0.3833621003752138,0.4175438378437219,0.6057813152109143,0.6292977125602549,0.2175712090909535,0.689024024228915,0.5392234589075552,0.6810613548755585,0.7911415562080356,0.8168090319447878,0.7852261421336131,0.43366747108004955,0.22307654390846976,0.36050088292541493,0.5901624084654542,0.8104173207381528,0.577823827164468,0.5499928821623826,0.556622017331563,0.557387903441262,0.471531936372578,0.49182672387717263,0.4257214987898776,0.6959683763913223,0.5530933262235177,0.6399641198341328,0.8096975326471274,0.6020716281197105,0.34563659811358766,0.5868772334349606,0.3675801090777187,0.45362461702931106,0.3286645706615465,0.6683111399366718,0.7102086593715364,0.3410935077160621,0.6016472728834394,0.5472972397276871,0.7352338608305458,0.6228534455384348,0.10227099745187371,0.8211285645717364,0.5069534846347338,0.6184394242593879,0.700000848760222,0.4980596239291359,0.47826962253027305,0.5722360374270539,0.31785547960350446,0.6999287587042812,0.3940662032274473,0.706206840222803,0.7409568588767681,0.5587576659350936,0.49426502173705034,0.47394767759768824,0.7179344209486543,0.5715446105545511,0.7442403693290385,0.45063961100719696,0.7349322296424903,0.47522126008751836,0.5433127175305034,0.527765248791287,0.7527266501692808,0.4920238706778862,0.7422186498517847,0.5956250952519794,0.49452678606827905,0.7598976092140901,0.675567887694919,0.5910579629378179,0.4983778263082411,0.7515283094398022,0.5617311133662685,0.3815041350985686,0.4914727282693154,0.6968965613464972,0.7085586754784883,0.4697635721632168,0.5824567846938412,0.5361930511671991,0.8818754599223738,0.6042166488593821,0.5123321635419539,0.5245555366459265,0.4497006076062833,0.8420061369969438,0.4874724671920925,0.35344092432570856,0.4623999756795206,0.2947662498973406,0.631631986965781,0.6274954359558789,0.17804196989857862,0.5359707198152402,0.6726149336887091,0.43539657188462255,0.5587293378063241,1.0,0.24667382113964353,0.5676582449388914,0.47522106919948975,0.5303045519839429,0.5183005820085561,0.3371665033678788,0.5141233034875088,0.5053958471547835,0.5723376197952305,0.6405571105172057,0.5694800483695216,0.8722809719969175,0.5864987056430951,0.5320699476812386,0.6492342312879518,0.43533782526645076,0.4978798128181972,0.14221359885858156,0.6908834169073166,0.49327723181953076,0.5687107918935967,0.6249851319103507,0.4079404393599059,0.8139296859072992,0.6913072991581415,0.6534029216616235,0.2836493104173484,0.49263483311676526,0.6970535194336923,0.23217936228072414,0.5564783861260544,0.4895388707657647,0.6268310995996512,0.7133855704103667,0.4502829954613148,0.3127036596832401,0.6910451540235866,0.44755458396329595,0.5528328700007479,0.46715776441467954,0.4862648217555051,0.11909257562759597,0.5862873692875589,0.7415307059296965,0.44340726656541024,0.7243691277818542,0.639909491715967,0.45234063685241627,0.6456365676871556,0.5051090548948498,0.7078709645924871,0.24933170712135447,0.7034310053805566,0.36839657333910625,0.6315038234990512,0.7909113356273388,0.5072529577662781,0.7119628347851137,0.36381781569534505,0.4109156830778216,0.07145486774774364,0.8566747055156834,0.6755887782084158,0.7122510112811161,0.9154115514838639,0.5592752642828879,0.477014351909893,0.685873423162423,0.8166393504196139,0.45150021930599504,0.5510094709478008,0.6176258886545406,0.6215064679409611,0.6008691993419206,0.6339787064677984,0.5779920895317051,0.7070119855657745
3.0,0.4693719667715486,0.6758091902677628,0.5676013643693071,0.8115215783129122,0.5152399571469145,0.30311905856427945,0.2666592002620708,0.8467585196130569,0.8958744841492489,0.217844080644768,0.33497617190682183,0.2329279936657502,0.35206602685702004,0.25969328651140156,0.4205051474393855,0.22324322817398776,0.5534744500149542,0.7892547985205434,0.20393403340856414,0.5759466878043996,0.8479764199294872,0.9715394309174697,0.5911751991156331,0.9686885773020943,0.8084002501119022,0.6887504844278499,0.19802017235658897,0.38131734647696575,0.3495938162387039,0.8421772543140418,0.6974161131731574,0.856580096111756,0.4048662447885595,0.8541099440832197,0.6376522657837999,0.44029893626213523,0.5576407503330594,0.41122784200233387,0.5191877887370808,0.7192781880226684,0.565298596034835,0.7590713602469114,0.3871456964603442,0.5617468519826507,0.603113654451227,0.38448793964168254,0.2341784673076747,0.3269771093580212,0.9793636782427874,0.19990587857778389,0.846735791621939,0.8821739778732776,0.2969867579886077,0.48017999197847605,0.3213744274563949,0.6024811988873341,0.7936225936815788,0.6273145109416802,0.9766366562613952,0.7187943503358583,1.0,0.8867971175952848,0.9255818344828755,0.16288369682749648,0.8279880029153298,0.4844799389896931,0.7844997432465668,0.7961123150344932,0.192995236337118,0.17405875282823827,0.4702735227463425,0.2999654743057143,0.651623997592977,0.3292274591373063,0.6427657795042409,0.6775539659219063,0.6252790708770813,0.4192820291468539,0.7498926170460505,0.8581197226632286,0.17456326279190112,0.9692873536702127,0.5081389365110217,0.8111022497715085,0.6801410488026296,0.4611648767160321,0.43494023435675333,0.7672644965239427,0.9040832063769282,0.8674157379652194,0.4872001656404227,0.6900319586701269,0.31000831391334494,0.9480880819392689,0.2792808176405978,0.29559169237192323,0.7744277788230396,0.6770129809976299,0.5202515237914354,0.6041117213075827,0.5426588243892365,0.5972094067728022,0.33568255634015826,0.44522340448705033,0.12140609956122544,0.7606610955276017,0.7752878821179698,0.35825012019065805,0.5633789313620329,0.7888854301734451,0.6771659575833509,0.6269400151451859,0.4891350862621269,0.5713398347129519,0.82687055439896,0.3983979671562595,0.8532793692308156,0.5640817396953007,0.38880400265750037,0.6415636411894244,0.42728869647668516,0.5923589731725037,0.7103435209820858,0.23084197147667596,0.5906213508856352,0.7299607103459612,0.8236727662543103,0.8076514188807343,0.49725689383087973,0.5691052809648939,0.42743018974217656,0.8442790323657685,0.6808591801643272,0.7893318359055054,0.726105963069829,0.6381777515950667,0.6364149706828319,0.48131873251352664,0.07702682275376818,0.6872938489621646,0.8561420476864213,0.6634412176119435,0.3103480764461701,0.8605852173473478,0.868220997806346,0.26815172505746043,0.6411216588719861,0.302291230190151,0.7320458232906877,0.36157127892712604,0.5749243079888393,0.6261071648913544,0.8644976456031371,0.7811979948565438,0.32186084734479914,0.4642975565768586,0.28433997247282683,0.44079068659733794,0.8786047272875808,0.33161224813675505,0.37850218630203325,0.11545509916563962,0.2668003992944327,0.7848148759971266,0.9046985411509315,0.8231252318446208,0.7981626342119864,0.48827635112203266,0.8987759245505016,0.09351557133179449,0.740314393714689,0.30073834285204104,0.6551018903628832,0.8112026165934235,0.41633425426754034,1.0,0.2049609277834587,0.5351493053077175,0.2188993990448964,0.7279063795657009,0.8626369049078199,0.26207246966063164,0.24302781875753698,0.4305168681328673,0.4333784495959841,0.2510482155240373,0.645328724707168,0.5622636423433263,0.6395882025631144,0.4646652072905729,0.8163576784141973,0.38363715900765555,0.38343688588610664,0.5624727727495381,0.70718218361154,0.40232472813701337,0.7981316817573918,0.6651377924734968,0.3313929419698846,0.440544306522103,0.6928593068999603,0.5287745515494003,0.631360257625859,0.41644423398427777,0.708061661939206,1.0,0.9478730209553213,0.6059971542733492,0.5205376917995215,0.573360449785632,0.36553895357690014,0.32236497425577454,0.6897878320258074,0.588884766738553,0.7354037427914449,0.5883176561034666,0.8187796719433951,0.4901393868677776,0.5654250606327733,0.6528684887720416,0.17989372973128073,0.22348108875643902,0.7382234618933529,0.8824868939001956,0.7472759492070694,0.46373385174698545,0.683470864208271,0.7718216257571916,0.5455855163578855,0.1680539102879644,0.5547159635801923,0.8430917405039646,0.4586476015620607,0.36466550545645654,0.3265642223123927,0.6520931198163691,0.36930222533435086,0.4443782967460738,0.7961549482713078,0.4412921768056962,0.46990128519596774,0.6661589635919606,0.33630381845492346,0.8925862222713965,0.5854327803184567,0.5486152323248845,0.21721416942823926
3.0,0.7392960391773429,0.5761746353693437,0.6645033558290333,0.7500099217262433,0.5802936674738762,0.0,0.7552219229734172,0.6974933934901179,0.8032947447843315,0.050556817328258195,0.7400922436445192,0.31318121975157764,0.05452468871087267,0.5569077778268403,0.25842053933044096,0.3265397962463144,0.28234356832952406,0.6051376462655668,0.5066924062279486,0.6655908148589651,0.28016203759558767,0.7465337523159238,0.5172707532282452,0.30077080834056547,0.34988031818253773,0.19532400388510368,0.43319157263229907,0.20909281457045265,0.592891598745774,0.5853755590169382,0.47200045055741036,0.4131420635257008,0.42364138137151236,0.5612473302821418,0.4579447195010615,0.3650828981187227,1.0,0.3357726640159402,0.2745393796200818,0.818204500859307,0.5596383543165528,1.0,0.4426140652358663,0.9698587279952532,0.11422650814482795,0.35696755370604477,0.36052939952209356,0.19252207278921601,0.6277174183342239,0.5277687397119056,0.6616053867332712,0.5530539188335265,0.14526883792925624,0.4259147883861672,0.5204185459213985,0.8089564060923974,0.5913393474928937,0.5257481718315703,0.6411215812684476,0.3935975527938482,0.8250614383417262,0.6898139524219089,0.6252041088209791,0.8399671388392369,0.9018229724940987,0.31646916918688056,0.19109156108133965,0.4256061172029323,0.607287214756201,0.565774239972203,0.5181448964835148,0.26807610623121597,0.2526441135778702,0.6877499082578726,0.5260530533417294,0.45674246573580146,0.5106535188963595,0.574685145787293,0.7688197236395754,0.6884641903149478,0.7549172579287549,0.3960783466160256,0.529224932782517,0.4732526436107689,0.5163288408076118,0.47697470459861596,0.27125865475543603,0.4664776609360468,0.48824300154004413,0.5114179915287572,0.49818381577126775,0.5494341931260772,0.7099873763060266,0.3720722148884669,0.5069965818502108,0.4900588621539861,0.7328025244624494,0.6106954572661154,0.48708542444654845,0.6641603631799462,0.43778542236209256,0.39727501352760314,0.39207610743108134,0.5284264016074449,0.7763302489431105,0.44073268217243533,0.6949594768883673,0.2101786995619642,0.6485699174964117,0.2942798324489387,0.3414217180964601,0.8108614099099466,0.607578935053254,0.6162249088858651,0.5463318168724788,0.7782168935377632,0.7180722029604377,0.6427124186428254,0.21229089813899718,0.5580120016881509,0.7374955178640208,0.6469443846185958,0.6410553392219817,0.5315565419570639,0.5961737237324908,0.4397644843475473,0.7387948609787727,0.5304818200144336,0.6496715280810142,0.3989655376981509,0.679241573815218,0.4211353882429911,0.6467908867633058,0.36745459042855566,0.4737475841998006,0.5346371360042095,0.5422394218014311,0.40945097571723527,0.6041656646064956,0.7143677957261702,0.5838355735578784,0.6696433335183957,0.1347772982920079,0.7892909208503479,0.7573252306662741,0.5239923978759782,0.5363737441070221,0.6790946271674679,0.7630860221762022,0.5763048166749885,0.7793954793351741,0.8058377577243677,0.6472642630074464,0.5541392758578343,0.46926247215977185,0.4658583008041528,0.45609193344164156,0.3691934536027143,0.4860212897042053,0.6454569418723755,0.38620400904571994,0.2319219601848331,0.3665304388363828,0.4535593536336823,0.40618038478425494,0.6637922493592736,0.568435577346423,0.5144114095818374,0.6446143362216913,0.3862172108177741,0.8783041821434767,0.2789302926369155,0.9032972768212123,0.6490751256161327,0.5881981822599792,0.7281206892925836,0.6222798452325601,0.4644826439566359,0.7911457854497101,0.7563514628751667,0.3654134570944073,0.6623382199154538,0.7125417012975217,0.6125296560571183,0.2492740970612576,0.6193742815353758,0.4582639833746902,0.7977932423634372,0.7005972076624154,0.5854362968817692,0.5474175997971323,0.5010868951109089,0.587638897315816,0.5210881068688336,0.6046602105316957,0.5879722120154862,0.4029699650470011,0.5224501769353742,0.404635282770053,0.20502344536841513,0.5047748328157897,0.508867240520867,0.5700318887020221,0.08631790238119871,0.5505527319836582,0.26809556224380604,0.6292047519547546,0.5499948952014302,0.557451365027127,0.248197056456684,0.3577755773298042,0.3285400682084666,0.9095193852809774,0.6772109350546955,0.4035693375815457,0.5835988631677732,0.3528184987769026,0.45556008225348354,0.3295625586275562,0.6034609020011228,0.5287912652715792,0.6647254392866744,0.6526461229353326,0.36295559961788737,0.23909024344130936,0.7873715888530143,0.6376510706083462,0.7916757147549571,0.7146955017343102,0.4725240137083113,0.4702814110499916,0.5919877023822012,0.7333913334916087,0.41332610069985964,0.2791884922345438,0.5532054829921117,0.7417538244221641,0.5256890132542895,0.8571001217841212,0.3224149094477995,0.7495089312559079,0.6068506145058953,0.4395930619295528,0.704292555702625,0.3862063798863261,0.7014177001125395,0.7358564976141824
4.0,0.7797825512205784,0.8015039802908221,0.6227557608102311,0.8684527096596077,0.4792146520029278,0.17003168796926993,0.5254617144823739,0.7006838630212242,0.8951085738610157,0.5517669179177699,0.5585914029502751,0.18575529596272053,0.0,0.2668566461102239,0.7901637002652322,0.5595265836147917,0.8218400090212186,0.9108498103941617,0.543520468184982,0.41464817424907474,0.6785167677338478,0.9107188962364564,0.9348027491739697,0.5550107486256141,0.42529425335167226,0.4188336215588703,0.3056106362976995,0.6806282032879913,0.23611182206795883,0.6670277983693045,0.47393752695589275,0.5093301651806953,0.38117757890628506,0.5436627815786903,0.7343976931207831,0.8106656610830663,0.6582926364396016,0.16769611418529504,0.17363044759138005,0.667043617436093,0.6157861263576777,0.5770482329863633,0.5607466777042855,0.4804088564799748,0.785263647874782,0.4287329352133634,0.4135294562565621,0.1894753451388583,0.8103645751127075,0.6939916368274249,0.5178012148990054,0.8924695045586538,0.18402460867117074,0.5397947623284585,0.6580324166261096,0.7338034362298229,0.8928542063974054,0.5902281664500176,0.9021132010792248,0.8927842676821325,0.6945424611979444,0.49080498055211014,0.6153126780581154,0.08936897032283117,0.8994554035447528,0.6632362284752976,0.4111497497354803,0.703216728520403,0.17954042186467345,0.6958432516968404,0.4604426907332393,0.5070748509940262,0.24204533348794235,0.3402882024230848,0.5293379603303077,0.6488789658973567,0.5660897941061767,0.8910681508897608,0.9143119905254324,0.7417911452856756,0.514027871872728,0.6968909104664427,0.967347476687845,0.33399870632083856,0.41086097064827126,0.605331437852431,0.50372842000525,0.6696604626474111,0.6776692089045072,0.42640769323349037,0.3968477205781733,0.20240595270260714,0.3140787265150465,0.5267252799726886,0.6099434108558722,0.5073940637667149,0.784212791409209,0.6536262883165707,0.3413238134174743,0.7133043194542126,0.39760870485265487,0.5736976649038299,0.3736268558946833,0.7794187935842413,0.6974972110780897,0.43048435640276284,0.6333492170708451,0.2528169634978649,0.4390817424083688,0.6284690929458099,0.2538064418516971,0.5397550865731363,0.3552036085734689,0.7423464886353113,0.6247397918693218,0.0,0.7751069102248812,0.7200570563456757,0.6770416551937977,0.6524869114301064,0.4225739147259711,0.7570212500332677,0.1927149708764252,0.4567785319814452,0.6768909692072606,0.6943001691761992,0.6454731250308443,0.6286241873318495,0.7420884697121897,0.37325569280782633,0.8689699418521316,0.4559608097566773,0.5864085271886743,0.6840317241377561,0.7315928165275758,0.7255861521129865,0.5626401591152852,0.4941088105422695,0.33084572505003557,0.7665805891437999,0.6783291818273406,0.47298801931687945,0.32736280792075684,0.8949012893382775,0.7396198400978382,0.6459001715272185,0.37358605254017296,0.3430402200379407,0.7871491222000214,0.5958310497009915,0.5664898575593997,0.6639438767396361,1.0,0.653069287071894,0.22344331366223452,0.49741898277221636,0.23389583007762396,0.6323162977423659,0.7672624036588536,0.3819905913510994,0.679498270638425,0.2606222272552421,0.36248426603021844,0.4122001998378062,0.4900531104440762,0.7939495907449746,0.0023862500172011085,0.3043291880219689,0.7695275381828811,0.28989221336173027,0.8653924891337887,0.20448990548211887,0.39685150016888826,0.8384169660610349,0.5155407039917771,0.722648885649941,0.5191471120335657,0.5238963037873459,0.23710621985512387,0.5202526383198425,0.534578084027104,0.5793050573064034,0.619485108440153,0.36495279170864975,0.6705919528530273,0.2975624397915164,0.5417205638245131,0.25654074604556215,0.7344993689383634,0.5756568599381385,0.40471050121685015,0.5182596200257561,0.30183459650483596,0.7708188700462574,0.7960825887027453,0.7319788498425761,0.4763920261556723,0.4718139010502611,0.5628490631680559,0.2921127670241191,0.7144545992324282,0.6509773001211862,0.7875910769560384,0.7055799241153073,0.5601588863900266,0.5560851800450566,0.5259432777813268,0.7207699085140116,0.7040027479814894,0.45050801691146763,0.10302485682557415,0.43808128657304346,0.8276264243322775,0.8797685843872972,0.6957126140322534,0.8790898087008979,0.7349052494079273,0.6278859480929727,0.8632478179511752,0.7411437643418476,0.5924217391252077,0.2844220821476657,0.4045113738006212,0.5212523606857796,0.6740006019506717,0.9827596851524614,0.7944059227501179,0.21477258729841148,0.6046141378461167,0.6684847055370446,0.4344378826779831,0.5986637483868013,0.8117412933620208,0.5181154863374154,0.6825106021742061,0.7070401741543046,0.5114922678102468,0.7152505063205964,0.5735995262539182,0.6257870403601989,0.4231361475626861,0.5019701894530518,0.5594192922589503,0.15046241764895876,0.7727969647615082,0.5045524914806403,0.23965103105404595
1.0,0.7815491681092599,0.6501998294478076,0.4783923571659486,0.6434564377950434,0.4628250127220624,0.3015658385546283,0.24878492645808667,0.7427925058641164,0.7172919709597857,0.23452525008495298,0.32526535888646424,0.28055063710307154,0.514760900033718,0.38937928544483186,0.22233314129958665,0.32501097252073613,0.33265883562750437,0.8670069984734271,0.381167033898835,0.39541673273134187,0.8789124240536645,0.9480797137717469,0.5413414864643493,0.8477876923228622,0.8048249930840438,0.5656663294146823,0.296906584585943,0.3729261434387734,0.40693447753471257,0.7152899033259533,0.39211559763203185,0.7136449329485984,0.3675256775164507,0.49604354852078664,0.6839096954599986,0.7985068553394307,0.7123509670797603,0.07375294568330154,0.504236720654291,0.8794749100940976,0.5824271028244103,0.6272748734690623,0.2863095494141392,0.7112633272847847,0.20119707719578278,0.25407925929027114,0.10310707904634596,0.31944827082565647,0.7923297672203384,0.11574769845247654,0.8468620871857676,0.6141721027354052,0.34877296571696065,0.3454882591944325,0.34930767763197557,0.7239864125751511,0.8106558573847757,0.6554075337290235,0.8860094290754001,0.33195368545502474,0.7329706938436925,0.8076376711579836,0.7535537628310994,0.07457839138942804,0.7520894357393981,0.07993880132957845,0.8087118104826275,0.5786671289534419,0.2995972318594157,0.6023132579430418,0.29102610030661397,0.37014844210399245,0.49207039503959454,0.348715233343783,0.535457382957982,0.761383988570471,0.4494773656418081,0.5135397952777044,0.7707439800459959,0.5817362421267009,0.42715815670283824,0.523247284199979,0.5416824967609248,0.2587057103006221,0.5427613202800844,0.4263819071989683,0.25551183592751797,0.3954324715461507,0.7980154577783056,0.8594937409238665,0.43557364676376414,0.5564384993894352,0.43945793370702235,0.7534955335653534,0.39192356685184926,0.6374833077352986,0.6498533019989052,0.5771217995918151,0.48405154435182596,0.6295838540485131,0.4819684924924293,0.6632433952413956,0.28540628594331846,0.4244110741479952,0.5195667876448637,0.4959517864969049,0.7531942886988822,0.3279505357208112,0.4052606383204174,0.5641251414228609,0.2711833668075761,0.5217093899601386,0.5075654924875432,0.4670648321195307,0.7969830846766225,0.42020701821318607,0.772124491774696,0.6990197152827938,0.24421594303964725,0.7011454779366876,0.46978364826257607,0.539537273674845,0.18077750825842695,0.34373049063970507,0.33209744730388346,0.4536982956088018,0.7394241625583043,0.07065170747933781,0.723339412991153,0.6194736221247188,0.09167463677482367,0.5526687776192891,0.8437277734953211,0.7225936344192054,0.6922827415176787,0.5448387992542671,0.509556446125429,0.6630244287991206,0.37704492594387257,0.6129672960683735,0.7735519459365968,0.6018967037226971,0.4103569870152933,0.6524608999171526,0.6470201799339492,0.3967350042608611,0.5473882239320941,0.2841397973021388,0.8839917611379633,0.29190967202503176,0.5819585347914629,0.6113208230486245,0.7981748145300884,0.33852154649281424,0.4522364045865815,0.44490883443654927,0.5487486070821148,0.6947687539442682,0.534071709245251,0.24465743946904248,0.31417577133261326,0.27128647885817847,0.4958715467564872,0.5980849460244161,0.3262143390019588,0.7187983286096207,0.6209357961938543,0.4628040143010028,0.6493699257101672,0.14533119480531437,0.570002760129546,0.20448990548211887,0.3531764968018428,0.5113725519876337,0.33492969379805304,0.4609039304148367,0.4227154573086876,0.36169396668347864,0.4316593916718004,0.6354780662155722,0.9071824677028067,0.6861378828030075,0.501122149672949,0.5837305851937371,0.4888364533182097,0.4438412463238841,0.35007107696460427,0.3901347604196364,0.6428870522513509,0.494120125974799,0.8210558645374547,0.5267825956695298,0.4381619403869433,0.7621570754084812,0.6291174141590138,0.5282457862983948,0.7831437790683656,0.41984842563768054,0.6120463690681509,0.10041646557128515,0.6084879706498523,0.4663749249069472,0.5866641633092933,0.5344270702350336,0.4018948492923485,0.21659798731925642,0.8365344758028906,0.6282209770633975,0.7883026435402826,0.4101271095592128,0.6072440562923991,0.24708344376012947,0.7073978251006545,0.7149944541062055,0.6899321962661149,0.6221417939182107,0.9068238830487086,0.5278964294619665,0.557304785266958,0.7184246717747456,0.3930144839481769,0.16735929205122752,0.6748032613765269,0.811640331400778,0.6709213337219556,0.6804771437870102,0.5892763347423698,0.8164123895936108,0.20703584574736966,0.32430854129162423,0.6257768823689696,0.6930837622273978,0.5639566907344247,0.2675295100117984,0.2000774558063022,0.4074032423880726,0.7721608668408904,0.47198408234537315,0.8192343593263911,0.2988589046394852,0.712478042898266,0.5234054769309942,0.47448513243957613,0.8595935535231122,0.3705107431511589,0.45386175049671834,0.23536098723676263
4.0,0.5127379461350549,0.5287899047545237,0.4107333902912526,0.7477834987309427,0.39994949346912884,0.5013180994840747,0.5481913563485283,0.7541595444943423,1.0,0.7850464458847342,0.24584866339343933,0.31400588935681706,0.35662080275543456,0.5268078486603113,0.597135434890602,0.7385052390949537,0.6514667429283423,0.9461311005443127,0.41026056864981403,0.5364418618454541,0.7948553917659078,0.8385911130139803,0.7008843358103515,0.5979969016950308,0.4797876807345953,0.41656013017710597,0.5845355939385783,0.7736280364126977,0.08920589151130959,0.5707617077025997,0.5809276457232644,0.6734406356122988,0.4914568232662667,0.5127307788541646,0.42126838662133115,0.7034347251288942,0.30603644910500294,0.38697937502391755,0.6027204386351701,0.9369047036516718,0.5688368045402704,0.7185296702655078,0.5600600946834153,0.65421753039878,0.5172893744409577,0.23297813355711158,0.2913649809823749,0.39847392363592377,0.8348521634745134,0.32440116600715574,0.5930720436792766,0.35454997302585245,0.2529808854066584,0.6732235046906464,0.778758951244471,0.6228401783107139,0.8219471340792802,0.5180328865243446,0.7820700208748752,0.8638170299695144,0.504275682577476,0.6771348092419698,0.630368948456965,0.056605346596369274,0.0,0.11280640725272084,0.43670817658865646,0.8316986387666402,0.15590086293541094,0.8010709534313881,0.31320459346370916,0.48816706241410873,0.8382562483055896,0.43017478052720276,0.6438162932099265,0.8569829901115498,0.2587748960105932,0.8863969758265853,0.83083641801334,0.6295868703500801,0.563210410022184,0.5533734358518233,0.9148836731432745,0.8263839059064324,0.6889444931687037,0.5092368679518506,0.9845320379721215,0.7681720987270761,0.6526154618592787,0.3369848831702131,0.2824262280720505,0.3102124778547462,0.18696610675613212,0.6064304054757201,0.5551324870764007,0.6455126976812627,0.74515342638019,0.838946648912403,0.618143305058028,0.5653335644237412,0.3038596576873986,0.6121138548261594,0.24674746911191334,0.7002672393428406,0.7680069060150522,0.5993986779570952,0.6540204168223167,0.6344017012196108,0.7010931875215926,0.619840275506403,0.4756852697040996,0.7174418820553576,0.5217111128816531,0.6309956254457921,0.8835547376793512,0.37004251320910936,0.7565106588089016,0.574680077009347,0.8370159287924948,0.8542764039222578,0.09097346675515453,0.7855848608686045,0.38482170637523083,0.4704243490356352,0.5649646282263637,0.6240925106010818,0.8047669493608439,0.8014991327967332,0.8301330580553421,0.6647003296549692,0.7489422971031543,0.5203541531798946,0.5371240420501454,0.5205662682722568,0.8753700645334669,0.7061487061466328,0.8576525272252452,0.6344407038722917,0.17495783053514666,0.728651157963112,0.6237521770474941,0.630771586406726,0.3127330037094,0.7874683951499969,0.480504807018599,0.6057777803920913,0.6255694276716602,0.6242765652887374,0.8474582559333471,0.677463866629562,0.5876552725368276,0.8300240312426348,0.9087483329897061,0.6543419829502382,0.22102667797280218,0.48080032245599297,0.2148961153090842,0.39643987281329623,0.5398726444613265,0.4313051856608868,0.3229456939528261,0.30552793473430706,0.5884354947224102,0.8503915585203299,0.520753031781699,0.8155971628935934,0.8096368401013063,0.11526990575388493,0.703309700467782,0.2538899368842664,0.7843833280882893,0.6595920116205846,0.2218698440728996,0.8300750659413847,0.4852629695425156,0.5921068904964348,0.600400369325562,0.5365295791960355,0.12791635698877563,0.7526872783003912,0.33714696546135886,0.7618026174167716,0.4301223272163004,0.38896400996500163,0.6314748367180522,0.21817720647490094,0.6365167761255369,0.27154685496942566,0.8063033031577431,0.5125621667675385,0.46319782058002956,0.7371964516421807,0.4196155868573935,0.6297052867733786,0.7750378440218088,0.6261951206768048,0.507299703429407,0.47318062198451216,0.42828105517696413,0.4688803313155443,0.8326150097289196,0.7729481798889256,0.7469756700575915,0.9797219878687542,0.5925915580382227,0.6553567767173344,0.6205227277638194,0.3420334261812468,0.6423779842332945,0.6084554027062904,0.8811500933355492,0.5268758011611492,0.37218917977193616,0.7398502291062322,0.43808333515644227,0.8841102233394718,0.2893507710363219,0.4340777151003651,0.8416308650976558,0.6888234783926646,0.5642361097552839,0.2829460312083161,0.7888577658671933,0.72459159133236,0.7782006001236461,0.7996313972194632,0.6783695856001767,0.647625426582042,0.3768534512130686,0.8366931441695891,0.3904492133596347,0.871447745966565,0.801358422907485,0.354543283302516,0.8318685402248608,0.6554193009005226,0.27608905149247615,0.7010866977103208,0.48087259321233633,0.655374904715248,0.6187668513521339,0.6993940538314369,0.5570651531338519,0.0377334840993366,0.8809067643274565,0.5247082024712434,0.27697155071110086
4.0,0.866796505927468,0.6987414046973229,0.5771629498281652,1.0,0.31051363581450747,0.5042462673354411,0.495377076619705,0.6976543004791755,0.8429519984596511,0.6403309931586443,0.5638852910185431,0.0,0.24255043815554284,0.6204905456741135,0.19495422829917652,0.5399699272961466,0.5703834625578057,0.9390375865674585,0.5665582347989555,0.6382406072913727,0.6941083529300698,0.8953095387317903,0.7304926016407117,0.6205595976471723,0.340590827097441,0.33679036214315217,0.41995005747528563,0.6159118821457026,0.5985230110603207,0.5841407779086398,0.8351968290443601,0.25985326328830255,0.4596794774651005,0.7088020917893886,0.6290159224136921,0.9362869489752492,0.7095930932210595,0.49974795064708816,0.08048177152959558,0.7588304244024594,0.8050424642613494,0.6452017091758582,0.5504245814591734,0.6861137324154588,0.6517162231158097,0.2340022274611515,0.27716559601277846,0.33945206268492606,0.6825460581887876,0.8332255691924366,0.28925657556438106,0.8015869397135562,0.4553344691133687,0.6423861913837464,1.0,0.3209199294394123,0.8354158017541721,0.7011522794403555,0.9095998548107843,0.5203622580677534,0.7552059517616044,0.6839861306362055,0.6710756615204012,0.6150994987367969,0.6150154917761551,0.7378803517763967,0.6010982588437276,0.6442751248063583,0.20254011074430306,0.8453449342742626,0.42404650510961417,0.43150819096480997,0.6169839646627282,0.4498825765647988,0.4004124480016463,0.9217137535141057,0.2801077893264108,0.9635713011697125,0.9350740605971464,0.8170480974632537,0.491778293023356,0.7102312262687936,0.4095886959116708,0.7314570623467165,0.43005000413057864,0.7773453491687402,0.2508849661697253,0.7438462456085453,0.4571463228591932,0.6373415799463676,0.09363054873372045,0.3412056113955765,0.29331355007366283,0.8508907987379919,0.5715151718606847,0.7054431762942213,0.515077527882631,0.829708094103659,0.4796159724787504,0.9089445235884509,0.3604835009797924,0.5677849991656466,0.31737292453654103,0.7822565313130836,0.6041900212522463,0.5608692095221489,0.7046605591303512,0.48305741396949387,0.7245744755636032,0.44734296462095363,0.8338940369109685,0.41375466562090124,0.5429524427129925,0.3641396000404681,0.6337466532902367,0.45039989655939283,0.8139470746348898,0.5337285700152743,0.8214525113334071,0.5937915248443724,0.2833476495852148,0.7631919228860035,0.23260952263561327,0.35554758355161176,0.5795613310096334,0.5882370216463616,0.8410187036138371,0.6914995321696076,0.8719510414884928,0.40663421625111107,0.6650237524396755,0.45656737862826163,0.5043559203494483,0.47118260403685397,0.8377885172672201,0.8734252914553957,0.3225941666635298,0.4406002669666824,0.33923793471538766,0.725220883916745,0.5744459833414642,0.5439350577279741,0.3378225194121328,0.7994289399713738,0.4415163725994283,0.7032226101653101,0.7713984969740366,0.35890370077349415,0.7767516436965045,0.521640709171076,0.9221460260190961,0.4933114690954272,0.926386266280676,0.5459500919644718,0.5771941967665378,0.4896262708178904,0.5046170116755774,0.416281700838303,0.7537553007721148,0.5434262307568071,0.46075191134771304,0.25047658233881276,0.5130112895595115,0.6669857004606148,0.5365980445580897,0.7518229117589035,0.5604894235777569,0.45088617468554865,0.7534226279021565,0.2895226526129004,0.8569443492666854,0.17702669512850625,0.52700408625351,0.7638830078828973,0.4714963825529,0.8037362845605996,0.5183856453425704,0.46246736666978616,0.20266814027725683,0.7308551305406947,0.6427587523239002,0.8346724268512353,0.440615575918462,0.5747354196808547,0.8500942891752146,0.20624871055425062,0.7465173962498834,0.3348641418946042,0.6891453086729656,0.3793922527439055,0.5193129355844373,0.5631376302426937,0.46699056347103063,0.4338083606222772,0.8353002761629078,0.28946814211664557,0.39513381312508966,0.6164409090057242,0.3525713238562905,0.32256675482406894,0.8475205442583102,0.6739950504696017,1.0,0.4659052028196108,0.4882129863876047,0.7145546172643183,0.5817953513106504,0.7760684450205139,0.8540501140987421,0.5616151723522458,0.48995138339342326,0.31813951589680145,0.6582572071846476,0.6864829646715472,0.5168778117845979,0.7952822964156034,0.852400467286212,0.6122395068597453,0.5762207672748866,0.8308898882962062,0.6818009733255115,0.3145425648901439,0.8988303226729356,0.3490890732282376,0.7816644059693275,0.7698430236903651,0.661506096675991,0.9073491386140408,0.3567447066478206,0.4980519388890847,0.4017997342349641,0.8419065710772802,0.6921156424644351,0.1889581965650085,0.2888426367541963,0.7937732742380887,0.6563824155430061,0.7325865830124467,0.5826044590067956,0.5757094218679224,0.7496778793420901,0.6112055789054129,0.5576545381264546,0.7140593835945793,0.2614176625653912,0.40867462071240895,0.41746390929862526
3.0,0.43525593627216747,0.49104393208445657,0.8643108121217515,0.4218949745447031,0.5438966409512939,0.39562815151966113,0.670990834974685,0.7864293368882278,0.8951085738610157,0.5604239723473279,0.5340469351607074,0.5181753736435835,0.05190100727639856,0.5693492212191142,0.6646785433736102,0.2457834316875771,0.676379945859923,0.7415854559597391,0.3940446904585979,0.668003959420482,0.5515067368877246,0.5951547427236208,0.6432316379352936,0.5627811828145645,0.12796989198358696,0.38512724161977335,0.5820393765702481,0.014577805645740937,0.5475570489862283,0.4380624351686177,0.6963864988367361,0.49700492785100076,0.49450416472271236,0.354411593399175,0.534105294884992,0.6093004021103673,0.590306137567772,0.6668505650494303,0.6869376892544792,0.7426950468874692,0.6474666285904067,0.3958854609869671,0.562798552585931,0.6316387480676346,0.7976290123218612,0.44503404792065043,0.31119321229607066,0.2987601551318295,0.34141674261871724,0.3485294423724294,0.3722275991440725,0.4167306102492427,0.39628183439784437,0.4311992129200077,0.6729624654204601,0.7521483145111645,0.7345481705541799,0.3609859274034309,0.7847840531049968,0.4077297999939159,0.7909652389004506,0.8194642342419641,0.6158995241050617,0.45962832014222116,0.5947294916972529,0.5656341256851116,0.07407168908800915,0.8194644253824944,0.23628751032806672,0.7695819469205594,0.26922068867518395,0.5876320356002085,0.7287120281952552,0.4073274000119351,0.4088445478688045,0.2605096966970878,0.4483776344283335,0.818252892818074,0.8043148860238906,0.7270963699132242,0.8515978707563896,0.7022673181900515,0.37252232843562094,0.4221833149679187,0.6797655830836203,0.5790007607700236,0.6495069787307448,0.3924936627560641,0.38657819976905633,0.2815728706905041,0.03663217892897587,0.43458593230225134,0.5839883370414458,0.3581007197656843,0.3860513072662663,0.5551591396501732,0.6437020904219334,0.6109534826839106,0.6539692577825422,0.8147266816632628,0.2887455479398167,0.09206857279442163,0.08895141029041269,0.7089854288258965,0.9978680055958822,0.5022315754348277,0.6441325320339784,0.23430951964510197,0.7633692372756317,0.7119022991978126,0.9316782590638328,0.6179668521896035,0.6013978206329786,0.4808923211556395,0.7966502406373114,0.44835186625201934,0.7481963549471548,0.2493501001277325,0.3640685501132719,0.743194624181557,0.4029125588892487,0.8086149864476956,0.10270057968817302,0.3478533091517704,0.6072318419414674,0.5754422999577059,0.6760236869009015,0.4732762073044603,0.5731293604494001,0.5356266923276094,0.4841166292348514,0.33147844536832183,0.5311875949218763,0.5858178284083108,0.7634605791492209,0.3586554782721599,0.5933845867773183,0.8813046935078561,0.47695252891888434,0.8708934838001106,0.4150005641858385,0.35549958017258126,0.4103569870152933,0.7371424623095091,0.7792515610048247,0.5527611163581219,0.7951652682233824,0.6849914649775423,0.24434288652145802,0.6229538266832872,0.6996745564214574,0.5681116339172633,0.8410288717804792,0.43015677907375227,0.13175517920125834,0.3844850594855352,0.5441591682749174,0.7805995963412304,0.6316186601162822,0.0,0.3920375950062653,0.33890391525853936,0.7328944345361396,0.6431085272453936,0.4214440160285121,0.7633704077356159,0.4930589767062092,0.6643306747133834,0.4938681214192653,0.4530426702485123,0.7548423417129416,0.8467197661750965,0.9471634308451247,0.7163557674509243,0.32398081042760113,0.6177468444011797,0.21078406857320425,0.3986259816889026,0.146730352929114,0.6211259843332055,0.0937432546988929,0.8231382835045329,0.41843687873176466,0.463967368879112,0.5831436750046242,0.6707112797325236,0.4179896269877066,0.7498119461706965,0.6365522522400332,0.5092611538637223,0.6542734649635275,0.772419090550141,1.0,0.8915299692662403,0.5289191229432575,0.5842528995430933,0.15104665272338874,0.4007708230695113,0.458619395848435,0.7646532116582754,0.6712089154716451,0.34780330540990106,0.6840470302461348,0.9481185488757887,0.8583035967670658,0.3651395882330319,0.2604794658474328,0.6927015808785661,0.46508615289476,0.49625164200307,0.9359602860679048,0.5747007873767688,0.8212806010987843,0.677619641440125,0.8224453189585902,0.6821611030239249,0.15138215612092237,0.648877505100391,0.723581777056286,0.6785765428349996,0.5178099839166733,0.7470654036860649,0.5016648780242072,0.16641160095101076,0.8539690132804004,0.4543054207742913,0.15443615217036022,0.7408209300132929,0.9233925513068338,0.6088293165387318,0.5283702662026317,0.852262168724039,0.843850225804168,0.8643283671187508,0.5795848458701249,0.6307785375916729,0.4472210852898699,0.7260617211481278,0.791939858138959,0.45521016301619094,0.4184989694934053,0.43531122908817005,0.7717819938852936,0.6755711721968392,0.5501781685111404,0.589719384823417,0.3896391930990753
3.0,0.7022807039653588,0.6639507185847725,0.6844252299200507,0.33006445715869037,0.6040268094506798,0.24020018422048495,0.6515921480141109,0.7350617253634674,0.7806805388848926,0.6833675817187069,0.5362585047249555,0.3777921361281124,0.3663919386743655,0.4486053650577497,0.7763668373566575,0.5707660128688861,0.6631880299049028,0.706800245737229,0.24513224743479672,0.888873006190226,1.0,0.8696711488761989,0.4411379202931757,0.8109737536236229,0.651205050237026,0.8238622439390236,0.5894998355448497,0.8229521100447954,0.5839167274468517,0.8741815991528841,0.6623665576396748,0.8477318115713185,0.37860213806858556,0.59200897034504,0.8453314733686904,0.9251624150655512,0.7578048743636115,0.6836510535283857,0.3553867192696154,0.7919240017925789,0.4302973628644663,0.5662462485765654,0.8645356879634946,0.7239838413764179,0.47083526540507037,0.18918981566132115,0.22254504254974716,0.3559352349805908,0.7377691450725251,0.4100598467261387,0.7669616402184719,0.6399126266015815,0.4214055501829142,0.5510726722290407,0.7171010539748797,0.7325029486540715,0.7681685488431579,0.31285514754067356,0.8825729435629714,0.28627809837085133,0.22704862917814028,0.7403699957099352,0.6129589530076004,0.6125492509194951,0.9787618783485905,0.5293625833518613,0.49136868628857533,0.9527102298526107,0.34392700747088945,0.8580845821194167,0.5485847114015976,0.45545143922702314,0.8264715952638064,0.5723481391484363,0.7715139703891677,0.5484767640598002,0.34731585088659495,0.9134070025197237,0.955158527568546,0.7683039167773359,0.5125614732520496,0.6164210998166136,0.5133499963755178,0.4441181426959378,0.602610565800026,0.4191310835734933,0.7242624715461802,0.5771633582996141,0.8564496048339737,0.48231611427280124,0.12502011955954975,0.6204916696562932,0.29761682392236405,0.7372798565795224,0.27685219647760495,0.3664134495643686,0.7896160326271315,0.6959095742543666,0.36754826588129397,0.5966682432178716,0.4707169712715401,0.6157908899074321,0.09943063957158757,0.7798409325538763,0.7121115315321884,0.681613658379325,0.6546190089319796,0.6201802222342493,0.7750193850011379,0.6954570411774312,0.36185828401488634,0.6631308931303783,0.6420335314541801,0.6278259084296366,0.7659475579760889,0.5048267086329439,0.6305279918459096,0.5514985440051928,0.4916221063546284,0.6718642814905049,0.2653629412509471,0.8657082488668025,0.16958893687506055,0.28219929813784256,0.5429462821347588,0.6783661464723858,0.8176628786118392,0.6903693279593414,0.7386768049279391,0.6840166773993264,0.2635465937699287,0.679496034634725,0.5740835271211374,0.4741341635541481,0.7624225204777211,0.6208408472891386,0.5965996693060476,0.5416907398949445,0.17728358240417785,0.690038593066218,0.7706784800885078,0.5653302093608704,0.6032692624537624,0.8560997611915203,0.7498725546908936,0.7360011652178172,0.8734683666649361,0.4201417307917347,1.0,0.34898973904339975,0.9060968944675085,0.5663266253828957,0.8478064468386424,0.7675149727139651,0.5709950448015982,0.30695848802619213,0.623665881088808,0.29167085160309636,0.7619869141363137,0.1910011792536626,0.6813403871660815,0.26635539017110066,0.8851150490239812,0.7955895792091693,0.5995312204225706,0.7052881041386071,0.7610168613787753,0.6368256179069678,0.603753010353249,0.33231862161323744,0.6802294545002913,0.19888890172669058,0.39549290153707545,0.8353480793734361,0.41765961077572317,0.7904055576972178,0.5944813376339665,0.4385501327247759,0.1325708266656832,0.7249330553826775,0.5955788255216308,0.842976976159064,0.3724786433728866,0.6101203620356076,0.5216602816430719,0.48968931458186865,0.6066797613483423,0.42882527857709696,0.7253511714027211,0.5256271265722948,0.2969098116221929,0.5271097656362825,0.5143856178308591,0.4906430445109801,0.5452095923745784,0.49778015542666976,0.4486020439443961,0.5584258059614055,0.3505137527154916,0.5694056903097343,0.6463511099193742,0.6159196544026408,0.9012696785743068,0.7373751871161409,0.9806448991102829,0.5242048066402017,0.7457007962544129,0.6063243083973572,0.6250034441918265,0.4928046988987015,0.6930926311848422,0.555820155343171,0.5612622991151983,0.9730497382954327,0.3853218787272833,0.42270922605985534,0.5131558108572878,0.6958541248613844,0.4583015356576441,0.763102965897639,0.42852051991734563,0.551741248133536,0.5952133435896094,0.7664624537391161,0.7523789443828088,0.7962390461582023,0.38560682155307485,0.7283231932317604,0.5558233560748104,0.24186840837733475,0.7053468650475195,0.7710388724095876,0.6803699241177589,0.2736826277286588,0.9529275642915583,0.6183426115021756,0.7425204237382078,0.7133058260868143,0.8385492511991723,0.4919789008361423,0.44738142527272884,0.36424076949404455,0.6632965571853884,0.10682436231802622,0.634194768103875,0.7657647653482647,0.24084919936768903
4.0,0.47314046482414646,0.4814300149586868,0.23643035597546147,0.8274659782608605,0.4490393914233856,0.324513942580018,0.8476055011664475,0.624215317225074,0.7760833902247596,0.015406461397438774,0.5269200828290931,0.4374576300258742,0.4788889521345335,0.5757525215972538,0.768463640660401,0.7444110962581966,0.08596070080865,0.7766085277181777,0.5877704076969597,0.8272251907602064,0.7410061534769005,0.7804897105561855,0.7844415844968602,0.483810439915057,0.19749491042936515,0.0,0.5534633779093239,0.5539766686801727,0.6902333942952834,0.6249030795066612,0.373480589381451,0.46777105541662306,0.5219547580765379,0.3427808725968341,0.19240395149983186,0.663497778202943,0.5333702172681839,0.36925103421010597,0.3444989740815729,0.3078554705211275,0.9713191768927815,0.6074498916753528,0.3875170310871876,0.5945935607276899,0.14596949135608767,0.3408686781984437,0.22716084237200235,0.3421278281815834,0.8384481225977085,0.8534277487011646,0.540254874094803,0.5611820072015972,0.0,0.6220672900365747,0.23468328204888186,0.4745957458528818,0.8380214064334053,0.6829790458697013,0.8003046059478189,0.3409707810052762,0.6100642631237677,0.6426822880986771,0.46941018337239043,0.7766488741938592,0.6793330437893152,0.036331088315545344,0.41698509959195135,0.7766661995958031,0.11172985816810066,0.5981563985564611,0.7479645173735364,0.38488775377693424,0.6387449533638719,0.7087200207144232,0.0,1.0,0.3247676294451774,0.27500623410915476,0.8611921250106008,0.2665139539493369,0.6984787821362416,0.5849233360350929,0.42527169615251514,0.5413317249294702,0.31142352613379765,0.4596165633988597,0.3392443306663604,0.3432430656652559,0.48146631184720423,0.7272929692133633,0.20091519184447515,0.41345822362412016,0.19204403863202318,0.6760509700990357,0.5902912576475032,0.7663991900177883,0.686072948261121,0.8090040220128347,0.6169962372561569,0.6503859668035648,0.15351944962644729,0.36998035137875673,0.4349356520657204,0.39545194956334156,0.6385518362561279,0.12185530489088012,0.5694976727996762,0.6708787992142725,0.5371658170473035,0.2506963664309497,0.22797103554784595,0.48016297761474025,0.6251395121521912,0.7496700721380574,0.49133110366058663,0.7752654113016632,0.8384414363902306,0.5371927100800493,0.527766750384022,0.3689314659997905,0.01736127315075825,0.49734755718538454,0.5827309234286736,0.6110634174753733,0.59492392485731,0.4909671175872495,0.6300886737178876,0.25089578104875315,0.7976359680211736,0.5830128868616281,0.30081953789625415,0.619710744856024,0.4071123074871676,0.30256624127029386,0.6130473320531161,0.9722816820899737,0.6984322315031908,0.683921834236276,0.2640551711633054,0.7416819807257891,0.604135645136794,0.5204960889704024,0.19363709026245535,0.5387390179314728,0.619656555770511,0.342155643557169,0.7168776396054843,0.48288375710156756,0.6037100734358563,0.3824803835314412,0.5607774957911191,0.7618356277652106,0.92147695411845,0.41983986320698724,0.2352235345027483,0.6583441169256904,0.6288398744576068,0.749087280392322,0.4049744503283373,0.7893423438453122,0.5999869629616782,0.213284338405443,0.6011405330681945,0.5131797923330123,0.05299130312932747,0.7358522338934376,0.36598279232843756,0.6308011140413821,0.41505115465312986,0.43763676838603716,0.6338358595299237,0.46390372049149464,0.4804062338392475,0.5346486024667224,0.1286332177943709,0.0,0.6942067156772634,0.6015284478542079,0.13142132387570216,0.7308551305406947,0.3800729590024041,0.7612734770263784,0.5743524575653883,0.7713506493985929,0.6886559489760244,0.34645584930801954,0.3071371836932838,0.34837130917079534,0.5668684014043162,0.49834143310156065,0.5736503964057128,0.5965480590070881,0.401042341546375,0.7192825848314105,0.8619184990067223,0.6470919245287085,0.511476909482498,0.22766226136787956,0.35461611496968537,0.16375270023823515,0.7315719493087721,0.8931154489809192,0.5189079487274386,0.445066589669148,0.5449643129166863,0.44300512315989865,0.649569817699631,0.33292352933568675,0.6530095065185363,0.2712623218185278,0.4600769197624349,0.0,0.45980663168672686,0.5910270994759219,0.9822402876325096,0.9512321863862753,0.11890864120765154,0.2747571119994926,0.8451420007481792,0.5537783584795454,0.6950157769851247,0.0786406181367365,0.7617770393211293,0.31931047643522953,0.37036779250101737,0.8109620231728643,0.8891809884690279,0.0,0.2545266734439438,0.6134253801704818,0.8963876384967904,0.6305181257869084,0.5453227655183871,0.1620734682515075,0.2669593061686716,0.8683449394607315,0.5333093022235018,0.342732388444665,0.576050310376223,0.4109967717380839,0.36935021457733297,0.6689043840491129,0.5368327649167117,0.7183003684078146,0.583659982435734,0.43456169194197475,0.034273534880685116
3.0,0.5115630861173533,0.46173343966553354,0.6034672560122942,0.7131278765490213,0.5182106692177335,0.07770999537866187,1.0,0.4154632343021433,0.7446073398480092,0.7003411292490632,0.47050118715180195,0.6766552100283589,0.5249468675727478,0.8502448974850846,0.8645328336608915,0.5910585240734529,0.48439641484063395,0.7517315185754343,0.400623660048108,0.6221328729242156,0.7356604228270308,0.2530000300027846,0.5740091050073676,0.5161838224221701,0.07999219227786218,0.3684429051531823,0.6974912762782027,0.07456016957768147,0.6181377483796223,0.50524783134546,0.5326193794993401,0.20818081148323245,0.3677789974330048,0.7441179821460887,0.49127326818906747,0.8381868045553637,0.6804841828594789,0.7087639900064203,0.506885890112287,0.27014872379933635,0.8764912839579564,0.392999149787591,0.7392529325691269,0.7043943877559915,0.012561201204386791,0.6063656830620077,0.5175514715453415,0.16148738280876918,0.5853448086049496,0.7819863634092289,0.3746592390674702,0.31870976853023614,0.9901790825140357,0.7429332425254891,0.3181837230166908,0.6571656307618436,0.8032808392056296,0.49907819614920357,0.7910726722564324,0.45689787734132015,0.044147997678770354,0.719715953866564,0.39730814386549207,0.755370541295598,0.7414722644648035,0.7949547777319279,0.13306708880064302,0.6490207113933363,0.13912491761467935,0.637186891460265,0.603948713669589,0.4227584385958018,0.819270264653542,0.721127008910835,0.42856524296731624,0.5498599903259624,0.18396658954313394,0.5365348935632298,0.8649535290073259,0.3825863487306442,1.0,0.7109493303914083,0.23503542087975168,0.5128263328392596,0.6339390117325301,0.5457268979796124,0.7504528418828743,0.11291957890471123,0.3914627031687594,0.23661229056815825,0.07214253621669127,0.3642550025331877,0.20666696319935804,0.427721284389,0.47868312612725034,0.5918330119681167,0.569869412672344,0.6065408529308098,0.7885486762533352,0.6313698386940687,0.08738769153252711,0.40191981381406866,0.05262660227415773,0.5008697736252148,0.7864174166021354,0.21697764935320482,0.4279423180223852,0.39138788029572913,0.8120401349002258,0.16564981162440431,0.1486376862960946,0.9514940438948067,0.608779714861757,0.6505239373535721,0.5269577255924643,0.8844670185201751,0.15707200997535342,0.3712339604512784,0.29706585069491787,0.7444975973033916,0.24906457777783658,0.6472716900468067,0.48902999289511573,0.550848794284385,0.6232742932099622,0.5039788021592102,0.8371730781040948,0.5431971183744945,0.664434931750045,0.7020940140008393,0.36301978735713836,0.32604133799957075,0.3013448646663655,0.7884085547654589,0.49118213968104474,0.4770787671641791,0.5818862810296618,0.8463142713075436,0.518897483751848,1.0,0.5780329215600042,0.2008886251965067,0.5090354889532108,0.5680446108370785,0.530248294678921,0.6246614529226144,0.3979974545674114,0.578697337136573,0.4271062019068487,0.5839684007548651,0.8114517224359683,0.415605738078999,0.9505156982228967,0.38936255292008454,0.16772391081797347,0.4115433090740724,0.526407097351268,0.5574872414676127,0.5417887902225385,0.1775247995545967,0.6072147621927948,0.3344315620338457,0.6621288137974035,0.4899110765069401,0.9016707429714964,0.7334423829219133,0.18624449850417896,0.6143797662691657,0.40118675714865937,0.5894228244332022,0.6527133759149628,0.5957269227799599,0.8474213246406618,0.6127132828585231,0.24955647267179393,0.6935553124598548,0.7037713488283026,0.6770004611238571,0.2435756751463851,0.4448062676400686,0.0,0.6758054600293945,0.47005963476154183,0.6589613697992601,0.40303856347199374,0.7944878276662187,0.25326690475371183,0.4846202400634067,0.6243589433524734,0.5004472046300161,0.6271782635948273,0.8538252358305151,0.5189863260988958,0.760769300674667,0.7761902872917397,0.718422893539009,0.2338152269509763,0.28242156356490083,0.41242248630900524,0.16375270023823515,0.48603978049183494,0.4917852943808883,0.49927163827519405,0.9615180563969493,0.8586666624190178,0.7067407184643106,0.26216564617245197,0.7287840814580434,0.49379373017558253,0.5210009813466823,0.4425494315660092,0.17652699385784681,0.5242347709517438,0.5018556573868649,0.959507849160463,0.5861898265978626,0.04492943647931872,0.5679421255527831,0.8060036907050553,0.5784287880072576,0.6348184070236292,0.6682246278619443,0.6143442349617502,0.028024349822264007,0.8381827858047008,0.8836581648338511,0.19003494524900189,0.7445102374032972,0.7673922225816525,0.6743170405055056,0.5334515888707098,0.4962492676324976,0.9543808551038563,0.29867176881174196,0.9247205935291516,0.7976552293996376,0.300164886510978,0.3949827555504142,0.7815516109031587,0.6134694160617603,0.6048262709574425,0.808216838407487,0.7447323743995117,0.6021631092699362,0.3700072967800119,0.412889132297484,0.3395961825546275
4.0,0.49688432478052574,0.6634564062822276,0.5708331583928177,0.812643968310605,0.5215580555544675,0.2898697041324254,0.1944322116506213,0.7777164224000649,0.5534461140494891,0.19487711394904547,0.39995450217531414,0.17849152168806348,0.46254861069184317,0.17024606272532672,0.4550343370081716,0.6078665349158073,0.4131337470638034,0.8595663467182832,0.24193181223526064,0.43238736457592974,0.6581210308153347,0.9475491123112253,0.6539577545481722,0.8914002852120665,0.7982610497768333,0.7976892626535631,0.41087393035250275,0.7137352878524902,0.45507329847532096,0.7048706022931065,0.4567892249238941,0.8871839916519078,0.4433969056134913,0.3751642210231789,0.7167416568796119,0.6540486892778006,0.5466110552136336,0.4554414200587668,0.38963584590208794,0.6490494238421688,0.5957879878118664,0.5517883543843914,0.4954578934003018,0.5304451009889095,0.6976383128440508,0.3435229728280096,0.22055017092304302,0.26400344261976644,0.8429707431161737,0.38648462460330246,0.8640915026092564,0.0,0.21437808060984287,0.4719483044512632,0.6608245957964455,0.6773033584101337,0.874544523166267,0.7433677863499282,0.9217904873681466,0.41832510447511595,0.22554462024388564,0.8018322314333818,0.654937665523813,0.33814571128857146,0.8387214903673067,0.4515054282396087,0.8319790126558835,0.6901904260795716,0.20996243502870182,0.6860475449048405,0.2590769512566359,0.3522687093659069,0.8651915553370723,0.4602280385843395,0.5151340291745682,0.7278716191027744,0.48877450453987514,0.7480122036520452,0.7365088815275729,0.631873282721372,0.19984405746070502,0.7352616498552798,0.6574212746250917,0.38512690101597946,0.47202719519284103,0.5334667247581879,0.40999033810676705,0.7085956232688924,0.7553381249163239,0.8831944693433067,0.4449689660777985,0.5936293524874695,0.4209801774497365,0.30016952069635366,0.23460919786144088,0.5650291424254399,0.6966397494336246,0.6692450561237326,0.6419170425664689,0.6813551823003469,0.5065183115359768,0.5655694949061518,0.5069444673447504,0.5669758787181299,0.6712036017793908,0.6729511482700853,0.6871288094748284,0.3848691615283012,0.23557994700094256,0.5561917854791936,0.3381387335841038,0.5247518592205586,0.659369337488402,0.5286408969536882,0.56263646704367,0.40543272209879316,0.5510347643353154,0.6445490983997022,0.4343490144207546,0.664712918808416,0.3834971560842198,0.6973491119265923,0.1927149708764252,0.33509111434593286,0.49270875774401857,0.5382714506943117,0.693708909559428,0.6754135037659622,0.3548848171695828,0.5208161702664672,0.2827481537295889,0.6766041133454629,0.8205309779553306,0.846668572523479,0.5907927106007098,0.6810341649943173,0.5209365870304185,0.46695157089878037,0.1107655140960472,0.6582514901828854,0.8885649675589925,0.6460090058453329,0.42090458351989185,0.7283641122607849,0.7396198400978382,0.5121509388892594,0.501180174713904,0.46559561424590284,0.7911181782817832,0.36157127892712604,0.3642484197885766,0.5346275543077421,0.8105430332862341,0.4156654581657318,0.5420393310127803,0.45653702349391856,0.586203771112599,0.765485806070553,0.7587516256088354,0.58545430926397,0.40894932020481545,0.20895766333926777,0.418180954171947,0.6776342021819044,0.2498484151452476,0.9074842472872353,0.6965921336245806,0.27054222463850125,0.6634933688561205,0.15330135540822415,0.7277055089670558,0.18251928392032252,0.5749836840838166,0.6530234503925358,0.3086657336190661,0.38816985575753676,0.4850403783196391,0.45563931928950024,0.24278280703564267,0.4116717283729346,0.7375197363498394,0.7143038664960577,0.3181244297857671,0.4323954855911623,0.522294342525535,0.2939817753905271,0.3628832191165085,0.28866521847110194,0.7187712809716474,0.49362894538079377,0.7365481916842765,0.4345403769245091,0.3396426335738112,0.5803672304630394,0.6841874430438656,0.5616494260792959,0.8070729027724397,0.5182273404738487,0.38010344521750716,0.5104484682531574,0.7314987352788422,0.5525270588261857,0.5508633825728617,0.3853221346516262,0.5936208103667949,0.7537214938948122,0.9143784002118387,0.3573475531321985,0.70627472084434,0.5352798965372796,0.4100503603932453,0.2955566593053314,0.715235953139431,0.5255776687244598,0.6924910731912268,0.7356206788912993,0.6631150845434245,0.396939892101104,0.19338507298253674,0.7565810085026271,0.17879434221622428,0.43282233050897,0.8281853117768415,0.9335557556881126,0.4680696683132748,0.5512683050653175,0.749456160631436,0.8149797455186718,0.4599826978250111,0.21387109575780408,0.2426933511153458,0.756075932873697,0.5719229812614586,0.297374545522498,0.35322091866777333,0.4655895091633242,0.6639639694011715,0.4091807338369847,0.7015346756647507,0.359407432926567,0.37821536341759193,0.5536954934533984,0.3554598940097663,0.5878851041575517,0.5078442741174672,0.44071815161038114,0.25992111485927916
4.0,0.4727228885653378,0.5671151014467939,0.48576169721139095,0.8066173711128969,0.40445043246317736,0.4175646707184799,0.5584336533817952,0.6912003665236575,0.7541719893516063,0.3848906108974289,0.540901611990261,0.1886968609366257,0.6024289985446613,0.5931465391733557,0.2908702165705479,0.5744678330769742,0.35594786288132546,0.8602350536499659,0.5370850658591111,0.6878235197220651,0.5338852629203048,0.8774507228009186,0.8491470205095463,0.484255530165762,0.44552558173494333,0.42652831406469627,0.41116866850670375,0.40750863096953377,0.7308769237395427,0.7982537421115539,0.5697568438500221,0.5692256923685847,0.41850558650415526,0.40442770761673585,0.4323828134819295,0.704054841385944,0.6776592478555514,0.3682578392123252,0.19590019902904982,0.08205114419617282,0.8657614033239314,0.6724685053107547,0.532076151756988,0.7012372079775246,0.759254123317747,0.4138392839676788,0.3072750774074536,0.60848719075963,0.8387056019663689,0.7135288504137401,0.6474980723743824,0.9190442488384893,0.24088645514030213,0.42703262753277904,0.6245058442648588,0.5037897699635067,0.7957021401589545,0.6312269268568892,0.8310674346048713,1.0,0.33409539747917105,0.6524159488554423,0.5551561522938481,0.859342786798464,0.747482586741624,0.23424226500989867,0.4967740809449929,0.5810697330733647,0.0738287798825073,0.5526142159655167,0.7287446148877211,0.40030508300838147,0.5096961870353723,0.4673163680831956,0.042076675963162266,0.687528520908772,0.3369916212695156,0.5730671898556902,0.8741031790086216,0.631873282721372,0.5798530052902933,0.4021031526079743,0.3622979024897118,0.6601393762253736,0.41912777920285055,0.8193473272172106,0.4745485736202258,0.668919473480996,0.59906254495598,0.7369745240619517,0.27456188444837754,0.25876182419829485,0.2599185241447648,0.750447058700945,0.5084755296653114,0.6429432121478639,0.6533828011703643,0.8737518249176726,0.5738876517330946,0.4641767635552065,0.1380763270180966,0.47499934497311397,0.38668889932115275,0.43448947386356346,0.30866023516139424,0.4170805644721719,0.7465692429925871,0.46519503648957855,0.5505946841509121,0.49039300103540956,0.5226005597903377,0.7210498313484508,0.5533316330836923,0.778000999864165,0.5394964458277144,0.5036591687565198,0.6824622069212422,0.7024291106015548,0.7884082851918098,0.584992306060922,0.03142661978711353,0.7097800440822718,0.1610931694294791,0.3744059547312127,0.5023005910578902,0.6025647310704328,0.7058881996902802,0.3816448678612907,0.8705204168928958,0.5206125514192195,0.8131321090337876,0.6548217525650548,0.38043673078132034,0.5681617179651337,0.5207967356455406,0.8053642012757392,0.7467761908580762,0.6083921002104863,0.16250962855373038,0.7827337793513499,0.7000745564035846,0.5784786025814324,0.3237169523399482,0.7848175917472504,0.26533467960060264,0.6752247858886019,0.47174082349027124,0.2420417903660012,0.5308309506006655,0.4854486715975775,0.692912925898267,0.7692482878836748,0.9225607225520075,0.8499655233188732,0.5758284059826118,0.49653930614159797,0.3379789022417725,0.8173877595901422,0.42725585957885137,0.42083721863606927,0.4241149302108281,0.3040221936019642,0.6878026695104177,0.47790919854972186,0.4436680139363467,0.6874020485890794,0.4960212371213141,0.45241297725249974,0.5911785765457277,0.37922118238606206,0.7217437781236953,0.12823204068906335,0.2983760244503218,0.6382621664200626,0.3221126421903333,0.2816653600751597,0.6617021952928466,0.41675529342486356,0.28787478910894554,0.6348380717172599,0.46186970386332377,0.6459497238961062,0.4440902815352859,0.6555211983779744,0.748818437952858,0.3252067487348671,0.5695930807984,0.4130387209476255,0.6071508779260073,0.4515956292227194,0.578439659733896,0.40865463007969954,0.3131788170592019,0.6856805206357278,0.8729387306295726,0.5523338939905075,0.4248099496865133,0.5100838249327805,0.15096759639062854,0.7812685767537149,0.8107343397403179,0.7577372692866243,0.8031253962026355,0.5107132446050208,0.5737279314284106,0.5628330945739757,0.6387411299361752,0.3088697572393587,0.5234602417032257,0.49966663437301184,0.4785322000832905,0.31382268923215456,0.5873224048060586,0.8329128079648115,0.7750096462934022,0.9718844158817542,0.5242331072302693,0.14457347520219088,0.7012173802967558,0.5634400277690883,0.5695689685369825,0.5047240217157424,0.8411100526179454,0.5506589283160461,0.3525643090914951,0.8601295890127286,0.8809951973889857,0.5207982848348446,0.6972408319062812,0.723718639891289,0.7462730967339434,0.8434295996492481,0.10094237224968736,0.07555831636291319,0.35110153697481944,0.7548184525642949,0.7961821115118486,0.5854851334859789,0.5826044590067956,0.4642130189348063,0.4523421140207398,0.6914816519088272,0.5224949644683169,0.7500743473164,0.6155027724626176,0.40851087335686204,0.25924080275585093
2.0,0.6959358134263602,0.5235094183386438,0.7149962137260656,0.7167948576644455,0.5513821491406874,0.6654290043198248,0.8331179029031026,0.6377514116394105,0.7734889847625337,0.7307724339036065,0.4952766998387376,0.5107185861105366,0.4662617166467548,0.7452185330626346,0.8095092071587987,0.44895819487629324,0.7394499051888787,0.7567691545204046,0.4305335849848067,0.7578112471072027,0.45808980102429586,0.7511656120531086,0.6710902512348583,0.628902295075327,0.3510886214327058,0.4261085116550015,0.5763307363485104,0.5020015952002476,0.5767841250389892,0.5908519987955916,0.6340729542490015,0.11889665976864061,0.6973783354658462,0.530618352133596,0.7608816587577035,0.7585430160030531,0.6994012303414755,0.7314652689538362,0.4864617811974918,0.7286458166532406,0.8451327611180002,0.2956380455268738,0.7970530346774363,0.7426463720955608,0.4032642295031412,0.4718883672594639,0.4247264482283329,0.3809004059640127,0.5308258882727055,0.7277201946600403,0.5835293117544302,0.7709905092047192,0.21437808060984287,0.5168935775264384,0.512962223739902,0.5008994362237904,0.652761927732434,0.4418777825569704,0.6822685657261934,0.7199984771531739,0.6451444059786431,0.16115751669752923,0.7235868165658479,0.5601023377572799,0.8793114030690444,0.13435326494489377,0.20160959796418573,0.587865575850078,0.29909002131300305,0.8555586575255584,0.6033165502753375,0.5780789706470632,0.38810247858504593,0.8852095520005223,0.5540402750438502,0.2636608418019245,0.37504775041393096,0.7369497550121812,0.8811902449638178,0.6405185667205888,0.881643414780893,0.6379847898446697,0.3668801943334667,0.6984512273141518,0.7150626556671543,0.6318444869830512,0.7434090192665096,0.6297476444471467,0.5958110389883631,0.3713725806049081,0.15486961174011113,0.338993087481333,0.4594453253026351,0.9205422770934215,0.2960319909978215,0.5166771388096446,0.8707972475042716,0.598882010327583,0.5761324393370908,0.7049629106618189,0.428037240373023,0.38145639494615013,0.29854033131225405,0.7339343037588634,0.7742361261005615,0.5919233501357121,0.41917637663850443,0.3794988491906428,0.7936694086254686,0.3991343637021358,0.545323667894174,0.8211285645717364,0.5147022539452778,0.4887793960632377,0.7069915921331151,0.4775678893253626,0.6512258837872716,0.5119497477194503,0.4880988632628183,0.8067533208669005,0.20427968966343987,0.70716622786675,0.41449586389899074,0.5217882204004212,0.46406824614961006,0.7271325311013893,0.8756070357397354,0.5123927200759223,0.6280274299095122,0.3347303647963929,0.8133684498882151,0.4492519542135058,0.40645039070989847,0.7141018417032444,0.5944890194866805,0.4430210897296715,0.6632254765728948,0.5423611309386002,0.49545342777568346,0.9332692875590306,0.5822487377934553,0.43534147160280745,0.3959439176713451,0.6807798348279811,0.5556722148592901,0.744734305695,0.5654194468602222,0.7223101296805818,0.7871491222000214,0.6128809575081577,0.6137107762650461,0.5135945579792718,0.8403416355466296,0.26070796704283555,0.10369898304290368,0.45339792711404026,0.6819254969036764,0.7967932649001229,0.6529855652357104,0.5427309784051529,0.5694312206278465,0.23334676887904776,0.26305505462367573,0.6722247542977898,0.15368378261674967,0.5953937759150354,0.5385081047121474,0.7306926530198915,0.6320059880795954,0.6044323488914652,0.6289544194901865,0.6511554669863054,0.43974742681550455,0.8977257474375437,0.6996404161513594,0.6450669284467471,0.5011294056022289,0.38385777860171044,0.16745162081834863,0.0,0.15960093387715216,0.7950349799881193,0.47039903110704273,0.49039878372522494,0.49410744073782675,0.6126225204308681,0.7751587927714038,0.5027789635864337,0.580120352262958,0.47492988334376973,0.5463887280270772,0.5499693655139599,0.5248352506181442,0.672201305614076,0.6115863426826449,0.7338736770875209,0.21020570308386155,0.6126017897389546,0.40375855705649244,0.203529340261187,0.7345157214607974,0.47118220307429204,0.7815692674330255,0.7681616803828029,0.7922002532383962,0.23464087803636266,0.5354031510566917,0.3789201632645507,0.25483617588987156,0.46715776441467954,0.5028106327502428,0.3202634237461914,0.8213514616190091,0.6010138067115469,0.8067717364949057,0.5224117432666242,0.14773565888021212,0.4028469746601434,0.2844599072485794,0.4948318874071962,0.5920874326806612,0.5137824683794676,0.5398114022772923,0.23100500167416374,0.7747232629511707,0.6001736716160183,0.37562315026464493,0.7739576195015286,0.7589117217006057,0.4030535839132788,0.5602529884614286,0.8209162848690758,0.7732482955932817,0.7331024600663331,0.8744115137061574,0.6079768954460901,0.5939315231203111,0.7249310767851328,0.8416603478480033,0.5637285103231322,0.6460560607112452,0.6088448384382313,0.9705832576687393,0.6160401978405415,0.6164187348220141,0.6866211313646061,0.7061687723660054
1.0,0.6051517805209499,0.7615055802530658,0.36790105081854096,0.30522821361261787,0.41852620803251944,0.20733748935399623,0.12264852513320786,0.817836820491047,0.5493183707744582,0.14055879657648968,0.30224940062327976,0.3162376900612031,0.4517572491010328,0.25695369138047247,0.73273935456349,0.1661429810217387,0.11555125175561738,0.8633835337942721,0.21085945987273905,0.3110192942950024,0.9053124785930377,0.9815662565175237,0.6565944928547615,0.9532000213930667,0.9460949108808109,0.7915037498027558,0.45450212040917665,0.4120456072422268,0.3598774537692265,0.4494137727316976,0.2367641781781772,0.8671918480054781,0.4897363600003575,0.6351988875579488,0.749176765492449,0.0,0.6021639641640782,0.3479527845571279,0.6360720316422221,0.6801310631162941,0.5444215481143594,0.3053602236953092,0.2921718973212241,0.5252464161580607,0.5358527067740398,0.2354882954537133,0.18264420178696025,0.22546923167076227,0.9503764639874026,0.09092450282489252,1.0,0.26626048647216716,0.5930090474915042,0.31465025634980187,0.26877797877804976,0.6837636691779502,0.9063462618332035,0.8994411858692376,0.8951820084901128,0.4727225923206345,0.1263198715355648,0.7398591039512488,0.6949279749956142,0.16011346170326446,0.8786439859893079,0.4191517780173701,0.8388572102316881,0.5988625424643748,0.11983200129838353,0.5497789111850694,0.4444282328373898,0.0,0.8331045852792118,0.30751850773320566,0.6014288916309579,0.9093024073916723,0.3791045813800159,0.36484197908083355,0.5675520401511336,0.6006667498474672,0.21958591600176328,0.2989989469804068,0.8000217107356521,0.5121303175393378,0.5947176171539689,0.5468118677884285,0.4532291944835655,0.47456618022407876,0.7943853285527879,0.9474948309583472,0.17023954352344015,0.7284089791942296,0.38204823744617017,0.5652741755666406,0.22146182242542378,0.6892890443096265,0.5562298837573899,0.5599354203733443,0.644276995898955,0.7527369634282747,0.5649430708697035,0.5588374755590791,0.3685642222121136,0.3364498019610908,0.4997041349451305,0.6106107550218819,0.5095906694592038,0.35481637570608904,0.39893538347167895,0.4631855202595347,0.2875299259029061,0.5666278389503349,0.6292042032950372,0.5388511889044624,0.4812521330769132,0.3713242459856501,0.6856643170148006,0.608146149477903,0.24452721927449841,0.4971144902268829,0.36902979495419214,0.6482502655262028,0.2026119640720354,0.30466901329953017,0.44661910303631713,0.36427062573169794,0.6588864840820828,0.5118331000896276,0.7723530470338161,0.6355468059910333,0.5174401887010487,0.9395080534172686,0.9435981171374623,0.8852068992479064,0.7855593603906214,0.5309355538782432,0.8209875941774616,0.5418790223065993,0.3664500676207505,0.6650894702713588,0.8379592120710248,0.6850709538013835,0.44904612626574214,0.6352069006511889,0.7025917876565924,0.1215497278884646,0.33251413080975395,0.19772631249695688,0.7073912704432743,0.2333670032039829,0.49715441925319637,0.6112204635448936,0.7738346857642271,0.15604127641956933,0.22821496936118565,0.4053988551631643,0.4919321290711287,0.8387539059287165,0.6224977449921919,0.2215635435901464,0.474353354617829,0.11924224887569888,0.3805060995345867,0.525208813368416,0.670905719153627,0.7972591946936842,0.5154261152795803,0.4130035485540424,0.6781022778650553,0.2142745030222047,0.6203605118969726,0.42332772979687316,0.4326064407291717,0.5099592619161143,0.5394315038031499,0.39091841674514294,0.2345741516870467,0.5822645284275723,0.3724234297972351,0.20505079626653255,0.8805920782244074,0.7801521417669501,0.28311129628414866,0.45658057253643003,0.2605705427675095,0.19148950325639863,0.2645140642462965,0.20556046331046454,0.6214614580347677,0.568478697831632,0.7981941622637388,0.5951814398299995,0.27125437051260975,0.7417793439204088,0.6221250832490901,0.6520519227642632,0.9817922913198948,0.44574875745038384,0.6120463690681509,0.13731802836438534,0.6539049811188399,0.5115159996854016,0.7000455289404769,0.6270245117647582,0.4449195177915918,0.2425499495948732,0.959630038478253,0.7111152423464384,0.6364861110113643,0.26538311460456454,0.35954915383905833,0.4607486584530992,0.6009389653801465,0.5686513229002664,0.8036599925796777,0.7747865265826158,0.5838373062497544,0.49176310976004944,0.6929356439316885,0.6904407298502849,0.12543912322543418,0.1262382802210051,0.8660617396085946,1.0,0.5674999371367254,0.5486486285809711,0.6835099813078207,0.4800248428493212,0.040141600800145665,0.277843525852423,0.42347203125942606,0.7619259604010141,0.41093655527213846,0.1726132687284289,0.3457258107255009,0.6129049128661929,0.23879860488341034,0.23102738979164403,0.7915493896036697,0.3834284003393742,0.3758509962327927,0.3808461973033912,0.20935134069418287,0.91755822167557,0.6318098176215037,0.43801942921417547,0.1545694354200904
3.0,0.5953193564424089,0.5531565298192986,0.7323276458425331,0.7046762633904479,0.540031922555431,0.7983018432077628,0.7903700442564399,0.5487995932693172,0.8044373085184919,0.6332851057496374,0.10628931052957338,0.30452071897465777,0.17936582301755905,0.4558657224941273,0.7037259302482742,0.307626553439329,0.469210711211435,0.7328895451214233,0.4704548428949045,0.6658326586861059,0.6773933437064659,0.7722226615865662,0.7352040839853611,0.5820394341589142,0.42240995625069633,0.33771520618134193,0.6902000804302142,0.4529652930008013,0.7296288751575016,0.6713153451424358,0.5442237152113116,0.5140307603829337,0.40439148075028636,0.37243171070114656,0.5980743455055069,0.6965222561737077,0.8059290802883483,0.6240079322103066,0.42729047678688714,0.6334405229586654,0.43456204111666064,0.4962792776665422,0.47629138783255914,0.7242436840208419,0.5197472199068649,0.14652603524814897,0.39143295240988557,0.22767400201680335,0.5505058802570414,0.7099796350885325,0.5132417631581211,0.5628933179552519,0.15486953782674215,0.5689761419574665,0.45669817591244566,0.6099863252608874,0.7201090155643181,0.5030589004990194,0.6815768853202991,0.424852220675522,0.49290251335104157,0.8297174286521198,0.5943644337182581,0.7109830805149492,0.676005099143833,0.08687953929587519,0.2994869195052517,0.44352528394221097,0.3688283244028432,0.6547300356986062,0.5266872173583936,0.7272510508857486,0.46681849464418584,0.54633536504505,0.6908948384534747,0.6000274669089278,0.30498211538679665,0.4117257620494943,0.8298553049106822,0.7760587028974143,0.7266805997411063,0.7130978346751419,0.40043743607771803,0.7495647638387155,0.6821058059276516,0.576917320868013,0.510832694823432,0.39118179618037363,0.28810092229768003,0.42112103973884846,0.4435595721691504,0.4513233583458208,0.516129978577598,0.5898106865945895,0.2824655367152104,0.47834002130429976,0.6838227683934207,0.5810784409257416,0.6126181433918624,0.7340616159242439,0.10368323621498829,0.35038612753465437,0.18577994716599064,0.34996598610546503,0.6309471057114597,0.6245313623910721,0.0,0.5119857811864696,0.7602167978260079,0.572374816690532,0.6857249445119552,0.7263772987532903,0.595405259309373,0.40451736243422987,0.5979555212138061,0.43331334932892934,0.7116288822578165,0.5351617367725358,0.46255055809165524,0.8065692087027841,0.2970141429531783,0.628744906671405,0.15800478152170408,0.3979246101789277,0.31531148197832987,0.5844125192079761,0.5470980264811212,0.5958997353113665,0.6035817178928204,0.5104944317949643,0.23540463772232778,0.11144005663356925,0.7502671504527395,0.31035274298551224,0.6180862965168654,0.6410808464692263,0.7709980253469102,0.6841864031391346,0.5792537230496269,0.7249283936224543,0.587561221533952,0.7465317389209808,1.0,0.7500497942363837,0.691281832599636,0.25482185760589937,0.6844296029866416,0.42507410247166644,0.7758296172596932,0.6431334086099223,0.7199189221936436,0.6947022165057873,0.8616838632831758,0.6983254319906337,0.1572571161947829,0.38060106332378907,0.6675563080167782,0.6253784075201531,0.5455953037972093,0.5512724541088337,0.5105236651773353,0.3719305127350872,0.7475943713926027,0.5491852648048731,0.43749375383036115,0.7025651950450403,0.6248805149243685,0.6840841972588669,0.5573603473872323,0.4646873206042819,0.7378612132841454,0.7228632434049933,0.8999796074468142,0.6372409449476633,0.0787344360310845,0.6795046252734778,0.7235939102033005,0.4672841665332262,0.41154438965856954,0.5970321861117003,0.2233752491857963,0.8267570592024349,0.5029093256429558,0.5492425091860481,1.0,0.46725012200070726,0.48623467322747566,0.45660642770235726,0.6340975411415999,0.4341803383518318,0.6485139484176506,0.7666214695238451,0.5154625317548155,0.7531236890087099,0.8261233645061424,0.6253102351346308,0.2077373904304787,0.5856562901915028,0.3734332541589636,0.48815281335889127,0.5559975904541837,0.5492127231730143,0.22580698623898604,0.7047011975907082,0.8205362350352833,0.6092730829996439,0.5725129381469668,0.47252381990595366,0.7190705280835025,0.5140259048499067,0.7352856218115941,0.42097580639296467,0.8781963599660043,0.7280107304476889,0.4969999039243361,0.8316951079920343,0.5889129109178266,0.6702731255437075,0.7556197248176737,0.5980352312213781,0.47608353654565094,0.7544564882808182,0.6438419587201852,0.13682926370463128,0.8104228053489736,0.6959105885567493,0.5086115407146815,0.8467968519501772,0.24983357424144056,0.5050745603021944,0.6697923509822177,0.6417309760378993,0.6122686886761212,0.7166128602556345,0.7903341669954239,0.7408237179239519,0.5877614040499904,0.47098463308432176,0.7599624880625988,0.5454778165535945,0.6260944066325754,0.5528866566275041,0.6343720594186509,0.6150522764512215,0.6414531987857662,0.7128723080850161,0.8802885290872761
4.0,0.5016837434086637,0.6278892658385452,0.472962983810763,0.5730386193062851,0.5119495360575934,0.31018297306872666,0.7405005087778946,0.7532476948417574,0.709145919678003,0.3057368044498482,0.3988676900874983,0.28174342462879287,0.4239129864451328,0.6295984862258409,0.8347636498276679,0.5803182433005194,0.5421895318533504,0.94961577378137,0.7067537326088459,0.9065905157832695,0.761626795498804,0.8476253761662859,0.8788383214658019,0.5139868277258548,0.1942978196643978,0.23815190738293177,0.5044336499224387,0.6398199874222454,0.6991549585441827,0.8180096359658633,0.3760150616428051,0.3755362343459684,0.5508431874213228,0.11979984913324386,0.2532665350237904,0.6135961288228609,0.7204441888729524,0.3727112273849965,0.5576823999505308,0.7417760654364051,0.8001856079859636,0.42919605725361726,0.42299697808108194,0.1961872951501881,0.6681632526237266,0.25738239024995474,0.21141686603115184,0.35626665380329126,0.7619707692948521,0.708100288942246,0.5004176156465765,0.38414959563916024,0.19721000213940126,0.5368749123232933,0.4790618396996954,0.8057992308555468,0.9158546941507342,0.5967845391221139,0.7492643284225764,0.9647534141555031,0.4194213776824946,0.7746907531213028,0.5129062929860139,0.5763540853395956,0.6948401715960628,0.13622008838055008,0.3546309689183082,0.33961667293479,0.057985875348910546,0.5141675983237031,0.373420658348425,0.5753320352342204,0.6547614341842207,0.6577807698745425,0.12433958899259367,0.7709136326986383,0.10184150133361476,0.45208221551730493,0.8224235795273087,0.6104076946309921,0.578675218819225,0.7216059672882479,0.18051972403090988,0.2432513285616144,0.49854442066544546,0.8300946007549165,0.5615479446449827,0.3392393701989161,0.4264463343885482,0.8250932272664945,0.43944039691159414,0.19939480788236752,0.2200733467281014,0.8927211907862201,0.3649608828547226,0.6850993093238512,0.582902535998528,0.6635252016379457,0.6421061660036697,0.5223197149645681,0.12714365478878686,0.4249262098550629,0.3319692574922236,0.5909949286616392,0.48231453907256827,0.0980555304083036,0.6946505965667062,0.4975509324761072,0.47433376062378985,0.2357720762046256,0.2895067619099868,0.5757395699831462,0.8161220765569492,0.562885093377556,0.5444271038761676,0.5470536653288008,0.6218647144985556,0.6133008946299472,0.5294494706028566,0.38876674262166006,0.513476006732082,0.6305375977763974,0.13219021551403634,0.3368181241079673,0.5740551701461871,0.4173758108590801,0.6904013237578862,0.6615567388801088,0.7039212036724202,0.5148785077851367,0.28539579879188154,0.5588230401350494,0.32747145172777153,0.6351315903736311,0.49607263833645787,0.8264314178224876,0.3881732736331742,0.6680699514719814,0.26091185517405796,0.7978982952014777,0.6068510714111549,0.4683011425089132,0.27218061726120224,0.6837319615194427,0.7430176671954697,0.6588881125091802,0.6024791682293319,0.5909503549953716,0.8022878387085585,0.5550742847511421,0.46111585248757475,0.7480496695626195,0.8855804799258198,0.5360319977523467,0.3243901397262482,0.48080032245599297,0.18527412848025213,0.717753020247757,0.46478360394097123,0.6494109083473849,0.3669443404920086,0.11476153400070187,0.4259905378226044,0.0,0.15368378261674967,0.6609818707238545,0.23889708707729132,0.4300755768851138,0.5262074500414885,0.23351670306833455,0.5300703813438337,0.0,0.2120384836868491,0.4114609361969618,0.36376534806585104,0.4994626401572198,0.5691407663121172,0.5121701808092614,0.0887032974107319,0.7438309909552696,0.4991074325763254,0.7816653165377508,0.4911805886064277,0.5703399455142024,0.4660134375810116,0.5752260633660535,0.3757300603800929,0.41639414383884604,0.7372025189050451,0.5433067496826348,0.6392148229138308,0.6345390786812645,0.432658339966516,0.7671900271581661,0.8576234189629357,0.6769813670586196,0.5440825741435663,0.4263086586058931,0.42828105517696413,0.14096938462583378,0.9140427892229304,0.7379333953769179,0.3984074678129648,0.6164276887230754,0.5225267564137553,0.23974178207422187,0.6425170465939852,0.06790789976750473,0.6190380496740245,0.1530852388666518,0.35385445826697987,0.2617698759501084,0.6816069825208685,0.6745416823387783,0.47274890408888826,0.7685376423985516,0.6847465570533722,0.30539466246920816,0.731195194577392,0.6329682661653186,0.5223526381661023,0.23078409673929262,0.7655955037649548,0.3452964163858413,0.6570517768807943,0.6490943681066408,0.8649364811436706,0.664319255373333,0.9206903251939189,0.5290977418749475,0.5876916228651564,0.4758728271745119,0.7409796802298618,0.1231028824526701,0.3334904342740779,0.7388318433098562,0.6678084452721914,0.5074686373716063,0.6489190423533882,0.39828524545852134,0.5031043005970027,0.6109574567922108,0.40957091510758775,0.6940074996132408,0.6209586251594758,0.35738004466170603,0.2343166188340576
4.0,0.21525004628703157,0.6752634875065657,0.5707585164972484,0.5794872633953144,0.47769667056708304,0.32245747470899794,0.30009596955060897,0.8781316249817033,0.7908197282148329,0.3957184970249698,0.39263640065852595,0.25137521512943534,0.5966546135263199,0.3283614618692584,0.6846788067755686,0.21574745046938715,0.40999027540658745,0.9208964177501855,0.4628248901479306,0.6005438790195988,0.8149748896318556,0.9548135114507375,0.6741930998030918,0.8948893165290688,0.8258949144982372,0.7316955367058421,0.42890285842743325,0.47266343544360917,0.49226009217755107,0.4285628089116738,0.405682483401554,0.8637267708281122,0.4620812472013299,0.617830022599309,0.7500212745919083,0.6058162601822804,0.4466430845309906,0.43648043413712767,0.6018226612499461,0.7011250049399139,0.6749406760691622,0.44593244228274803,0.41518223486288436,0.5704428822020632,0.5668343976442264,0.2642790345521486,0.2627537574135314,0.37534577167909483,0.7124596053781728,0.13999055381259648,0.876584175023398,0.2695388485038839,0.24088645514030213,0.3587421334457503,0.1611938199640321,0.6466842298281501,0.8804700347344574,0.7055827751984198,0.9422703691210318,0.896498579982123,0.6153054746153757,0.6168665924074132,0.4128527115526964,0.38261931208311206,0.9478615868014952,0.10658067864841368,0.9162326546696029,0.6439768842976572,0.12277165096123054,0.5876800311892583,0.4823633532567962,0.06712477138818042,0.7280416743833427,0.40875894262836315,0.42762324905596605,0.768237322781383,0.2791853802601622,0.6431302467949306,0.8312273678141413,0.7438059333837754,0.2375029258485095,0.8396814694717151,0.11313191884868719,0.480895944343749,0.5893169290571686,0.44914003935965024,0.4005635915584405,0.6092241730254871,0.8488409559186149,0.8177429536676287,0.19695811801319774,0.6060777402160596,0.4037074707897279,0.2122177509530126,0.4649565639721588,0.6692401752601003,0.676966719502928,0.7366830366941471,0.5105312128234055,0.5750296543995114,0.6216896058050624,0.5524351048356697,0.303254881692716,0.3350154199144828,0.20449558451070143,0.6581153763860319,0.5427580228061084,0.388651695096041,0.4953698413487908,0.5534355778906594,0.3986818945960762,0.5805275075725936,0.5644270555221964,0.5852713939171995,0.48738427906796017,0.4841204824210366,0.8892758148800565,0.7261962886800762,0.4282819310907576,0.545052527403125,0.24659813936144426,0.6423024241995893,0.3609919665808545,0.3141240552709808,0.5389797673284784,0.6066068337900528,0.5587312633232324,0.49179655932898353,0.6961616964229319,0.5524830122060991,0.3295213354500674,0.8060106898678674,0.6263094571431285,0.8059540047160944,0.44434009813824693,0.6375417938478117,0.205842746774819,0.5286839006470054,0.09778420805516112,0.6750892111343704,0.8086317461560342,0.5904132326339103,0.35228116066111576,0.7619127151690455,0.7875781460571782,0.507841381205286,0.302313014623369,0.0,0.8591181963900082,0.2656206695477499,0.7034930815207772,0.7131762960126278,0.8604877910266434,0.6812154352450643,0.2595191092090313,0.4727580271109252,0.43890180314055977,0.6627931352402519,0.547171322731037,0.6627321358389263,0.43223288408380267,0.19453143712821766,0.41254746398057396,0.5112641103138057,0.0,0.84561054928113,0.6347785058909428,0.4777811284924404,0.6015643027553225,0.20099913785394102,0.6027590973762935,0.21954916184624246,0.40487730841101005,0.6385170557101072,0.3402441439677567,0.9079012867963862,0.5428567550031904,0.5272277314073316,0.1701183873209721,0.0037756631394558786,0.8264962581506352,0.7586173394927824,0.3091624928535882,0.4746898566112606,0.35196307190324433,0.27924094457783943,0.6484225340743667,0.16369937042905844,0.5672680246851416,0.5380307575214681,0.7676861491508754,0.44310604163520767,0.2105453029828966,0.6440542885832476,0.6333768880199646,0.5481173365660589,0.8762988432564425,0.5227698482946296,0.4710163761610919,0.07916920758766836,0.6915035327585035,0.5695224520927287,0.7378370450288237,0.46266125466346525,0.8159464587312254,0.20270979129068606,0.95927385784293,0.7901839549606363,0.7152647104449891,0.4463008627048433,0.340100500876149,0.14099346586873948,0.7093899797112545,0.32949815449534303,0.8091986288768798,0.7398113635038119,0.5449669673676213,0.4827627419651599,0.284932973194338,0.7267097757366013,0.3688763241549765,0.21723820829862728,0.5402106632456478,0.8604967097893813,0.5075604160162697,0.8002429756761945,0.667591703241579,0.7890333684890067,0.15272075320146544,0.23596465109467915,0.3882421322389868,0.6561261225970934,0.45328492001057324,0.28576104020872967,0.3816740863089386,0.5245018149975049,0.39817306916130446,0.4326564547644847,0.7958133509727254,0.4862472918312056,0.4139590846446984,0.28961968961417095,0.502678360503946,0.8248755271067147,0.5541119048294013,0.4018572478820409,0.30623166852652495
3.0,0.28666383187524264,0.532749204741206,0.6548878768187277,0.8287189218826829,0.551166439363817,0.6207199197889824,0.4544287806474116,0.6090167224864588,0.7098359309039459,0.799177766209103,0.6011115308875171,0.5000204117684006,0.7164509678076298,0.7176943411588496,0.7897763571490157,0.30161619278433877,0.6531329454957113,0.7130078135579772,0.6978873165158108,0.5294873497297621,0.7536293908195761,0.8377898374013513,0.6508289150115989,0.5240586541059825,0.13505655578413076,0.384048022431508,0.8298146885874794,0.3705065862326221,0.65577023839231,0.49907357453920675,0.16272394551958932,0.40460229106002354,0.5678598663895401,0.3038905522819836,0.2968803732481172,0.751297352789536,0.7821110419011128,0.45560740741742234,0.3056388269970454,0.6036094168828671,0.7380023110417652,0.37107310941158683,0.7197143633247471,0.5491821090543382,0.3831181390189489,0.5075357028546185,0.4265382061744936,0.1909372922754039,0.462792129295099,0.7566004584191629,0.6347750959157042,0.9003727764042415,0.25493046813586223,0.7217878042021957,0.42893685811547416,0.5928689449971644,0.6933128525616946,0.607567636220826,0.7954811974476447,0.7348872228000254,0.2885852035948791,0.684136820399844,0.6500015688412729,0.8225558046208201,0.8835226544616858,0.4638047454333465,0.28032978848150997,0.4014124160236588,0.16883115960160397,0.8245932193838956,0.6232014304671742,0.6301950000328838,0.5645604203974803,0.7016693874067572,0.2852353525825339,0.47309907264809004,0.22361334941175434,0.6472560143052748,0.8398060389207451,0.5902607693397951,0.7825543329157,0.5108409022635588,0.42813318516892784,0.6815223214281341,0.5161805221329971,0.738454901160011,0.6444255714357215,0.2130817309448973,0.5384844145679718,0.618111273446788,0.37878046021892947,0.4607373122971821,0.4793391402055238,0.25953018955933066,0.13473180721841693,0.40093092376537726,0.5879577818792515,0.7140258709324045,0.19489050939409105,0.5386967402422324,0.3533549580580626,0.506377603936712,0.42868362910771557,0.6317528529603276,0.629658274122526,0.0,0.2760286900358751,0.7167656261509422,0.7166266963308446,0.2753729528462924,0.2669407070926338,0.9866169619597638,0.4269328347998529,0.6198665151446605,0.36697895792967516,0.5051179870243176,0.6211532817785671,0.4489257465349637,0.45119701074556007,0.5231978754365847,0.36922581654377806,0.6885899696285966,0.5784586917066968,0.4810491899111001,0.6821762523272508,0.6341063175036853,0.6454731250308443,0.540051678195693,0.6076327843446948,0.5791343892974683,0.41298458464066173,0.5650863589143088,0.5856338161828002,0.5596710890497318,0.6221282414880809,0.7864990848559538,0.48955418608272,0.353155345703142,0.38301263375756245,0.8591590053808309,0.5323166949076845,0.5445303252914596,0.5591373610686827,0.5749740875544171,0.6946810938341462,0.4847061267156059,0.6380011778647572,0.7121252331101708,0.5382684693132397,0.5119291539886038,0.7070908242960727,0.6428121935300904,0.889699501889236,0.3439554738163438,0.2375213178913376,0.5912062680028194,0.5139654325542196,0.4364660341893507,0.5086645295632436,0.4952835602667367,0.5000594150421952,0.23836043117114158,0.8070257088344366,0.23603539321556502,0.7111351429854647,0.7825090752472182,0.1313979361711891,0.6032707431390348,0.5131715859894083,0.403165077073281,0.8426020418543686,0.27685220521432014,0.5967403867920122,0.5689856516256575,0.2729626586618331,0.4810091676332894,0.6087445104405723,0.41719087516479597,0.04544317814632299,0.5963193050810516,0.3426308952953734,0.9012931094302425,0.4523073138508184,0.5984158878418975,0.6522384851170706,0.5994737589102649,0.3648119748917813,0.47195596876828455,0.534531702435294,0.5220380081094229,0.5161263470186368,0.48805219574228526,0.5314824712363962,0.777050513186764,0.7051227175467232,0.73664250065818,0.1113060432517508,0.26177572345727834,0.6498878282659262,0.318387053624482,0.7799883582163964,0.5436183759636887,0.631360257625859,0.7205113060420743,0.6727078534818627,0.3327180679959675,0.5925172080633457,0.537481252488873,0.5387262606973978,0.5421005525665586,0.5245153502913705,0.10407456147311961,0.8611782813958894,0.5461488220357325,0.7092718075653308,0.753601485344926,0.40477317877384605,0.47972409150691897,0.6121694811111247,0.5468966399061755,0.4092753937673155,0.5068583389091511,0.7713919830705458,0.318206955701867,0.4311049188635177,0.7012017606010053,0.5744763558750933,0.7238024504986015,0.9070670337285092,0.4219134057338675,0.44942795883399705,0.6815705942166205,0.7379259340044786,0.16709004455279466,0.9545311418401577,0.7864527504276098,0.5111793688126116,0.6504748427809077,0.8229643092644364,0.383671493295756,0.5237295521681906,0.8295662691762352,0.9096202203589977,0.6561455476457846,0.6731296124187043,0.7473729038351371,0.3958301085168278
4.0,0.5769305095172175,0.4608396510106939,0.09606874382358087,0.6970519113247733,0.39602311087153635,0.2148471424229745,0.756555371744928,0.4650025688572388,0.7771129809637815,0.5009147307111259,0.32263023269563745,0.5147796284075131,0.1046792646168813,0.6743438271723904,0.09223322792370292,0.4389270066125179,0.35428957044658893,0.749046450416336,0.5425001724511193,0.6951701503938884,0.6219830264519837,0.7751038316386762,0.7956209432911322,0.3802054185761844,0.4546409775626546,0.12821261164745157,0.6930878299733434,0.239374894839393,0.996345649840682,0.5187711440960726,0.3623822916850154,0.6172487640502609,0.2919135300382746,0.5661345008563544,0.4181617484079306,0.6952471055574787,0.622721812598393,0.40491035654835367,0.31503144387019966,0.5252050177891125,0.760219014565967,0.6861571584741105,0.37041304347542775,0.5012576691909101,0.38500395943233134,0.3702234243048039,0.3638875712017734,0.5164992795381169,0.8259123956541151,0.6183439329956527,0.5332934639564881,0.6055234153359058,0.080564478011731,0.2444932716592665,0.4017205090654272,0.32355579416437996,0.7631940835134097,1.0,0.8394036560383925,0.3057983073929364,0.7073670032032116,0.0,0.3272949741573776,0.9235866814161762,0.6066392284964351,0.05524874735143811,0.5355907701909226,0.5473342891313001,0.1041450937434243,0.5876800311892583,0.6428881791594256,0.6348493930711979,0.6523570981409096,0.6928033260921288,0.3375863394143188,0.9130318050618907,0.20077581067742775,0.31492738308255214,0.7255975137168877,0.5112441121967646,0.7649737676923126,0.5462453030847134,0.3691483261089031,0.2720091869349959,0.4275881556440139,0.6908349885930519,0.3584412636259701,0.3348337317913132,0.5467084342351706,0.55691259338816,0.46430228390999645,0.41359254929058875,0.23856528770121882,0.6044045172525528,0.5029177686640115,0.6456406641209183,0.5590090230263903,0.5237847078410324,0.8318109026427991,0.25436516638422396,0.27375251679968865,0.4997334396523282,0.2593476110658586,0.4634226969534286,0.6809709227736473,0.5101579065749419,0.6842529049060487,0.6082477049952725,0.7452148055396546,0.3908600690054462,0.249285562863944,0.6983827928460229,0.5782620830462549,0.6293501811943156,0.5241290964325689,0.4500593880101824,0.1710155860689396,0.6370462759329822,0.6139581056285345,0.6809389006180477,0.37196358853796896,0.5970909983257291,0.13084452355572213,0.3528724793469864,0.34719268978171663,0.5033376220481407,0.5085789647703972,0.6623601045693492,0.3793425215788158,0.4133401695905625,0.256387180416763,0.37662272077444725,0.4537218203007004,0.3716669088868723,0.5759610371009343,0.8769469580836055,0.3427521432428737,0.44270993969048644,0.3445721228435489,0.7492141329278471,0.6828162496982061,0.33167177870952463,0.31870277746539327,0.6005731839500824,0.28278687623991067,0.6222353701032324,0.6163751034034137,0.9920956012354896,0.7199809085667643,0.5240364504759332,0.6219942236811322,0.48942946953078825,0.9022855760783817,0.81411001137958,0.34540437866604357,0.37425409070311216,0.946490362025814,0.5693971691827328,0.6017133265010309,0.6910788910651192,0.1731988281624216,0.32569956317460436,0.2564508407337678,0.40147724058164624,0.09763276008189349,0.693151470823828,0.3647314835734701,0.672915130127913,0.4669515554336298,0.7582781497934737,0.6192139982444742,0.07439639068012352,0.2769834057188406,0.577118748092815,0.10064097123283285,0.45427669759503486,0.5192558048809118,0.851041906237996,0.1308430914610445,0.5727208327380497,0.5693998285440056,0.4690117926788608,0.9939902818559158,0.7125754502236774,0.3317051747919014,0.4710853726885186,0.20075132347952943,0.19734520723425408,0.715867114469291,0.3564591313639269,0.9310763036274857,0.8194111205555463,0.2311861592450458,0.7981260110807965,0.9225494881057907,0.6282209802626748,0.6406991199081311,0.22506669283362246,0.5328228546486822,0.3760542430910844,0.5746729919624803,0.817530179801878,0.5723505505845417,0.42436197907360834,0.518668497022462,0.40311511712189896,0.5766284960520469,0.41632849156283536,0.6097648735176027,0.46371453841309007,0.3233782771995098,0.2501084327664998,0.5511602710246999,0.5239397358021888,0.8075731845101646,0.9684265519520415,0.434153402858753,0.21365065437152272,0.6135961747221449,0.3282166003344413,0.6222377506434931,0.55030084111933,0.6833656399366645,0.17767592156771203,0.6265295468092741,0.8830017040037921,0.8286683114979754,0.15651502795704111,0.3024144734074273,0.9446729518075029,0.6819656310342374,0.7054894801726028,0.8585092496266483,0.10561290706832853,0.34788953145978246,0.74406463326,0.6650355475576679,0.3712433914060102,0.6416218746871916,0.6370014106695333,0.8262029832794284,0.4501650827261677,0.49145810290343384,0.8001286910334624,0.47545137294285306,0.46168872017147833,0.31767694576375305
3.0,0.979932011862099,0.51499630077923,0.8849572651971256,0.36503798501725215,0.5532407202124873,0.4018899441623122,0.6771216650693834,0.6866708659373332,0.9142344779908192,0.6397011828124185,0.8121231860861617,1.0,0.14730689748547587,0.8313134373256832,0.7252970393059772,0.5218648050470626,0.5227702234115609,0.49133643025476764,0.6054689704978938,0.7239441475653943,0.3170869936248295,0.3251686148774553,0.5979817595360363,0.32458623590866054,0.3576891768329921,0.3811312609527654,0.5361422367615027,0.5697559010190176,0.32936859852188805,0.5361631407477012,0.615086814890981,0.6788560328343699,0.553239949342298,0.7334889817282433,0.801883986860453,0.9562899748735976,0.6510151180800953,1.0,0.1581703405503924,0.9694216639549716,0.6054593218437857,0.7172065875864413,0.6433657174014038,0.672667411811649,0.7321411084732051,1.0,1.0,0.09096441957524035,0.4111029901920452,0.7251698139958584,0.5151305672493631,0.4243135967639491,0.5657956504219699,0.8441930154425444,0.4796302720847682,0.9246515199047611,0.6874706110203717,0.7054082845986706,0.6958595662007516,0.8122903742026347,0.7200665572722991,0.9280918230335901,0.7153418256669889,0.931765248293894,0.9480618153108419,0.16757001775071806,0.3816631024074234,0.9479771193672321,0.2929006736978972,0.8781081079952939,0.22486861542371947,0.6126733220408612,0.7156900371302138,0.8111942470741388,0.749566075086647,0.4803827720335555,0.1074925209223267,0.8844563652526914,0.871313179420247,0.8912118485636282,0.947791205903217,0.5540167283808246,0.4848516801968909,0.7312181509406261,0.6816389842079693,0.6447050297571496,0.33459300114337703,0.8376183437761439,0.10463088276702126,0.2206514823496531,0.479089747510493,0.39954279349269683,0.3573487660498101,0.30878770955073837,0.22737430517299248,0.5264409030873896,0.7440518709292065,0.5409124533838988,0.8175842086441886,0.7869883087910253,0.5428099484813397,0.4926868906742446,0.1157361901570238,0.6805392095910505,0.9226739518408221,0.7767523504047156,0.724641268610191,0.8044752967551788,0.9861900038052562,0.6809377152163559,0.7179454393411157,0.8482942348786817,0.27929665874128423,0.5897279196366555,0.9010891007878543,0.868727295754165,0.7422627151235156,0.5221341849198041,0.24955996230259592,0.8400423693942186,0.6017852963836363,0.7965473716725836,0.688589524606903,0.42362628404567365,0.7164972591407489,0.767692149770919,0.9030065622746779,0.4805356900278478,0.5475338524951946,0.2863705324059167,0.6327499998942482,0.5792715586266948,0.5710101314731317,0.0,0.6196463622819578,0.5601536903600512,0.6392495970800445,0.8427679929383539,0.5863506843506965,0.9640448037042373,0.7071579872627087,0.5644255528082367,0.4734031075101035,0.895483460880678,0.7660784659984865,0.5259345885861305,0.8836719244741648,0.9184931934273464,0.1151356045197741,0.7268560970562511,0.8609307944515464,0.3614901313577046,0.74109366761999,0.9229213408637831,0.6096438090110562,0.45454974048366187,0.6135184087250681,0.753051841437588,0.7805340849948755,0.358194003545466,1.0,0.2635737006320502,0.6629132467743992,0.7046813793988519,0.45416014881378525,0.8345178295374963,0.36033754536543144,0.36083387441017223,0.6512982051699122,0.4434780209919737,0.7713426252521944,0.23078837888802423,0.8561490019665309,0.7807141344042917,0.8124913790741611,0.7907963394033012,0.615509411027059,0.7414919450439913,0.2419855218095761,0.09593894922415089,0.08138284140736787,0.8332346730289362,0.6785848506073978,0.3671918747125162,0.26543466546980937,1.0,0.5865021247462961,0.7848338073409086,0.6789824881112991,0.5149965608178612,0.7190962759545949,0.6409699902367217,0.5763572797659209,0.7274197159239524,0.523062186488179,0.4234426963097654,0.2844038946499432,0.5928402917328572,0.5298435554838171,0.7274413016066572,0.6080251649481154,0.15278999366316653,0.8386600826639354,0.774268535355275,0.9204810490829868,0.7566457472832999,0.4703340218626363,0.4126759873675738,0.0,0.38494665926586547,0.5812829812848331,0.4853060435716656,0.0012866700180127126,0.6512496666594595,0.887328499843709,0.15431502501535682,0.17137252794645877,0.8658631133064912,0.10311278515899483,0.5410017829465198,0.8232179916746813,0.7667363472986307,0.6939235263871588,0.09083591249859553,0.43157075986702054,0.5171879650727792,0.44259599235387365,0.8284964602381485,0.6453304451241872,0.597666220306485,0.2709076397416739,0.8845578919884274,0.8629772013864395,0.7714660820476458,0.7928520299970626,0.5189926555611051,0.7146597219426022,0.6413335234816054,0.9935551214645959,0.8357678999244303,0.0,0.1510556563816821,0.8706359497491976,0.45357315189797276,0.6836267316650523,0.2969871388526387,0.3010415835301366
3.0,0.4613391054997833,0.41900190408281185,0.6425165002447303,0.5981729097428866,0.5386475361988856,0.42818570756202845,0.7684508596464511,0.3577202131190419,0.7395197102181458,0.5714419467852258,0.5877557000468164,0.5775494232440274,0.36551738369920944,0.7090783255773785,0.7972844261066883,0.41307375946091807,0.7323733708148852,0.35875559246133454,0.42241905438069405,0.543300144915295,0.6182422550258905,0.7011896623281271,0.7319199828366181,0.5035285933795101,0.0,0.41121887076859615,0.9450871400015439,0.29975737476899267,0.8937739593943738,0.5537554670034294,0.3440443151865123,0.43904654961173406,0.540510402552666,0.4499168652221831,0.5375522717721016,0.6396451108775655,0.7031304085663066,0.5210091867137857,0.4748679547693781,0.6812300263138434,0.8353776879665217,0.6392126327771174,0.7830869288481268,0.6926834546981638,0.725854849357325,0.32637932480526005,0.3725217858971167,0.13771557542412852,0.21323043438991005,0.4840584606498084,0.4003652122221103,0.627565018614298,0.9460265021124948,0.435736984541911,0.21616656363864142,0.7834224068390915,0.6538772947625456,0.6654174746537397,0.5936062755496734,0.7684225468373745,0.15166457099831093,0.5122320279464605,0.3162258002937758,0.6262379377146792,0.9054651885545087,0.6939888516876389,0.15116876386431286,0.6250955000407572,0.18493235610077632,0.7388005359458918,0.24415534437263398,0.6535912426728568,0.7921554338291665,0.45377152606860616,0.5658235253485154,0.5983382053700015,0.36786897102858185,0.32199200945103607,0.8556539330571149,0.278659138290636,0.8913425883350048,0.5485237407964875,0.7254655842449882,0.39287187879649327,0.6338322479551054,0.5102873928127919,0.5771697127657199,0.3307598220160929,0.2627328920571149,0.08578356121988039,0.09703030309038067,0.36753880454029714,0.31893684465085276,0.22002060127492026,0.5461398972246212,0.40380730981963453,0.6883059902635865,0.6007461669901847,0.9560152602705131,0.32161842017559494,0.3692081768156858,0.41787679824208446,0.08362273044452291,0.5084037421188462,0.8614373919901186,0.4042223343587211,0.6647112316418066,0.490057559151186,0.8447227953331806,0.33909345099063976,0.5748456745806019,0.8166330057750298,0.5864907113907106,0.580487083479374,0.5244126644178487,0.6661473627538487,0.7864979646862728,0.4634660046493924,0.39187508475589544,0.8711182285063098,0.4075955416287676,0.6466165192150423,0.5476404376413532,0.47874238196668506,0.45873848126503675,0.6039585580948892,0.04360117416164222,0.4609117401814197,0.5016025092986901,0.5685485672369194,0.3670877266316336,0.10794024072191809,0.6720093170372666,0.7892805828923551,0.6276495973729208,0.46913915167720627,0.3317785077514975,0.8263589315332258,0.5086606909796555,0.8786201591817795,0.3692475236479658,0.37786841085038764,0.47874245745180294,0.7168241013906399,0.6846016056482822,0.5566442621945973,0.674075441532882,0.8661876912438873,0.43320150191283174,0.6585887943758859,0.5726396830135974,0.44564880792207767,0.8945471704602026,0.4579405432296762,0.007897085707530031,0.3258274944213985,0.6701249074031987,0.5518834753489329,0.0,0.289102030557657,0.5584661228355035,0.3261684005479759,0.6105164901278344,0.4668045566549942,0.13165687339084906,0.6071662281584769,0.519359893575691,0.7342479350338815,0.5784288798771485,0.578905575550344,0.705395302587606,0.8345590541737038,0.865495839309223,0.5067605631109097,0.5411209263533743,0.3640553605282442,0.5770059619821132,0.5914396627611692,0.13763230095270282,0.5507087624447713,0.04726566784511976,0.7251588040055204,0.6987069034617578,0.7459331724168986,0.39917554249719206,0.7257060239843572,0.21973111502497192,0.8986657427408471,0.5313392614676792,0.529483929834684,0.6827791441663454,0.9119802270132069,0.5266834229085201,0.7185791363541738,0.6348398414828882,0.7608837875720087,0.2817348813585699,0.5061887110500655,0.45488257580822566,0.250830144217505,0.5639968308858362,0.4199465312290957,0.5975362719428274,0.9576830285533664,0.9006661145252444,0.2340703960072425,0.772402478038523,0.6151003978118262,0.5450921655363008,0.48499713414441303,0.6954751797506143,0.2501084327664998,0.8408584229622126,0.5297978829117003,0.5441684785254723,0.6633754355709017,0.028213839518239362,0.5541788869872656,0.876253936104386,0.5864131558238903,0.6997282665573117,0.6979070189096949,0.7730732844423018,0.2657612113850148,0.6740006019506717,0.8140704611314282,0.48649801913115953,0.7620910822602942,0.3169955226653277,0.5757659016919527,0.40910925087953465,0.6295667392062547,0.7954138913156347,0.7070034015710146,0.7604509061545112,0.850510470697877,0.6243930848524754,0.39697832603873684,0.8637694145787149,0.504500447592827,0.5707444265074861,0.5971726427798387,0.7000833921408536,0.6297762666984797,0.6278673990699787,0.8068355085496731,0.9031017801375799
3.0,0.53312983485997,0.80619000299927,0.5612311315550569,0.7475601033345514,0.5174291361529164,0.41457359062741334,0.2761930302951869,0.8670940241802323,0.7267636308805212,0.38783067340675803,0.41476965765593865,0.192558484578191,0.45497386434811093,0.24980228349272368,0.683288649392268,0.2447394552184769,0.4684833138994406,0.7488601249963897,0.20449480340578546,0.24157187713775546,0.9118770877355777,0.9729583357029484,0.5087604097475333,0.803657385423884,0.8317550172859692,0.5693733287293199,0.19964705499233967,0.27463140702928096,0.576366540260129,0.6924141508942375,0.5374614337566919,0.7448074377497358,0.48246702835658706,0.6277566122390028,0.41386079949020127,0.695885398856412,0.755052644643169,0.4107728187120028,0.39318458784800653,0.646631439547422,0.5834725604967173,0.6331643413861636,0.5085264924748708,0.0,0.6616095479930625,0.3909602477572567,0.14520992681674785,0.3417394151128211,0.7294629509158862,0.22464428012894536,0.7755120482168704,0.7577448842823861,0.2510129964685881,0.36602431073416175,0.4362190288246286,0.6308926893510691,0.8844998691677554,0.5642098113111057,0.9008575012864019,0.7704142560063135,0.5877290462114056,0.7749213494687819,0.6815747628737571,0.5385028198378176,0.9310254949127909,0.4704285141217581,0.721174684494381,0.5506391338889738,0.023390697643275015,0.6847538292148945,0.45048081287168207,0.5578566251929282,0.49308023757710734,0.5154447783333611,0.5548318032405504,0.7322750573153948,0.29044575153806323,0.41987851506035745,0.6793427685005895,0.645690725150582,0.3912420095944094,0.7255767993380416,0.29769610402313995,0.17552261010011794,0.36594247400476687,0.37086169676697456,0.12950072018433112,0.6733485464593453,0.7154307980123482,0.8755120698912948,0.11646664386956844,0.6181922225564186,0.44456931826991797,0.8725629771224838,0.2760174083722868,0.6898512891793767,0.6865209193148887,0.5681974269583807,0.44619337963995526,0.7139420486544723,0.7683025461825812,0.4376524032522797,0.4644031013921734,0.3697808192757424,0.7358596680153842,0.5113852840719917,0.4320833016622014,0.539462749958551,0.5668093049887113,0.599679686503658,0.0,0.558438701592934,0.4062994038973526,0.6287156998261066,0.7022082539262532,0.5564838816559124,0.7092066709217687,0.5014561193129626,0.3021833814229793,0.6039633662223758,0.43137734898809904,0.6157033259694473,0.23260952263561327,0.3583403976906096,0.28129226604648827,0.5450126324113387,0.7093791208096286,0.6526241499339358,0.8763047485046288,0.4707113119079368,0.4589578391265422,0.7186874731029651,0.6565495504217558,0.8782567313857744,0.6754073850222156,0.7312794092448639,0.7830467696108733,0.37249087916414,0.1848584535862817,0.6883621723769567,0.7485572015586243,0.5708588757827963,0.25584459173993934,0.7629001852628888,0.6093945973311985,0.7066881376293858,0.4151451890912906,0.25443362104736,0.803549348575768,0.20904084401804415,0.6498381750156679,0.6914039342739251,0.7837465017177209,0.5111764733866656,0.6075120268451157,0.5966509092733129,0.30785243455331507,0.8363486739950845,0.5804397493407065,0.41602545507162036,0.4775736443077264,0.1429511840791733,0.13540488452204225,0.43606496451328935,0.4913469841137338,0.790354585223668,0.7905548056193449,0.3958419524207505,0.45237274894159574,0.0,0.7553112520010151,0.17578991045890027,0.35629289230775973,0.6970950467493382,0.5802855643288926,0.42513354976171813,0.27029655753189435,0.5433156117734728,0.33997911000010633,0.655374333231644,0.8358387352258486,0.8248386174138562,0.22435735196562948,0.57697004577869,0.5228853761064369,0.2479417282955531,0.38380548936626957,0.30075171465532186,0.5243625171053805,0.4807888257379801,0.7557560929346805,0.32490555940861626,0.4188844662266246,0.7163805809123065,0.7533238897747058,0.5029126170324331,0.6785411305483784,0.25345246898952556,0.41835436410701554,0.4022686728091865,0.5683918073664708,0.4419070925577849,0.44485032566705657,0.5035688452631193,0.43403309481141206,0.33453383658613517,0.9176882311045726,0.6155847602677059,0.6833216276768997,0.44660297219328826,0.523715954384648,0.3987325900567585,0.6577520895107571,0.7763003710160642,0.5290412558405478,0.2723533015332842,0.8754277372499418,0.473868168936654,0.45374427037359005,0.45644617852699326,0.2731769915607361,0.2216235643601869,0.7801852659275937,0.8413241288535602,0.43374146691051696,0.4911329774280604,0.7480841414727981,0.7780048683608702,0.2178221567620616,0.35353424646704473,0.6403139652150083,0.5763742136803591,0.5585883827812897,0.6510412598935159,0.33744666846704835,0.530496064320311,0.20155042315304308,0.44045779339329505,0.8901229378163183,0.37187032439635936,0.6682813802400593,0.42274028643242684,0.3226148380952771,0.7719882862536733,0.6568911055652479,0.4303085075950386,0.31757191747797675
4.0,0.6970943404671391,0.39413121237226967,0.4697353169882183,0.779211517991054,0.3911227307807127,0.36975168978029616,0.43196663443417765,0.7436858687841981,0.9539217637585006,0.45758193764493577,0.0,0.34330567023583713,0.48643409609881905,0.307428979054184,0.7009611333103096,0.6781135369828432,0.4042848424301419,0.7518791648040358,0.30546360423992813,0.4914555136384854,0.6953372915987761,0.8024725510143605,0.6172665347612369,0.6989036404742678,0.6791317069890724,0.1610803677810043,0.7529110260793279,0.48627054274692644,0.4037880947895548,0.6989147520893155,0.34640180909546964,0.5210237298438193,0.5184033445949424,0.68050375829542,0.6215784912694565,0.449581176303822,0.6499577125183943,0.3154671529843448,0.48539443852680664,0.645821654823389,0.5589089456196638,0.7213552479855492,0.39102561025712934,0.5005206277996679,0.37448891380379745,0.2641911814766343,0.30469151429681074,0.5372307244266917,0.732279611485657,0.7894123385070059,0.7259198754753803,0.7991617063146028,0.18939871420222396,0.6930138579777048,0.3712637748578151,0.5769247786695072,0.8068050707543455,0.5267345285048586,0.9066701026777332,0.8861554601709741,0.726240830700699,0.43815153202796897,0.5642594798138753,0.16812443259121534,0.8370633482829558,0.0845880298772921,0.7680241932995998,0.7191844605816609,0.17834351199587997,0.6013957390037502,0.4636169793125546,0.23251064116697498,0.580423268594866,0.7685912551173207,0.562178078347736,0.7438623794598654,0.47601202163950324,0.5836947929912667,0.8829557762517568,0.6917484106059048,0.5583207378394668,0.6657857745947473,0.6058749446896328,0.57029389309305,0.591727303934009,0.1653544801987134,0.6324600944593245,0.5277016468130002,0.7050784990644066,0.7568976598645496,0.49005862169046055,0.4714975629797692,0.25427091602935825,0.6854146413226649,0.6507166432861803,0.5860902397342468,0.8458928961320858,0.8544189686671493,0.6449048197411881,0.3741450027318877,0.4480212585868123,0.6130852514004084,0.2385752065525931,0.5264344707755071,0.7245217454588203,0.6456628674513986,0.6127756136653774,0.7157672151805808,0.42338225868036283,0.4172411360901627,0.4675439421437203,0.6433545891021878,0.6512525445031845,0.7264114498903631,0.649747277275155,0.41946431979162735,0.5378832885422709,0.6414081632572032,0.5734725777657811,0.7466593518674973,0.09363629846966823,0.592794018266565,0.17552525016007353,0.34819088483870936,0.4125395654062085,0.5364950972427683,0.7837891210090129,0.6881004039567165,0.9303860517268927,0.8418502920593768,0.2773833898116198,0.6701884812704827,0.8111267874100807,0.6537908001987434,0.5907927106007098,0.9233059778539242,0.4886763708880275,0.5676118570428977,0.2593975686257868,0.7121892660890576,0.7348151475879261,0.4620862634073627,0.2673719055818164,0.8148111892358976,0.46218085593588026,0.36891779736062763,0.5421264896619765,0.7024138931483591,0.5361628887127059,0.36935447367661745,0.4663066434684075,0.6934684213932487,0.873701168669517,0.37237942481953706,0.41350899596536456,0.5620910332362966,0.6105414165183695,0.8477816232861712,0.6825726085090708,0.5402807138980933,0.4674389046647529,0.3413671843958964,0.6335443802422684,0.6023051501841757,0.14941295357515766,0.7171890699461057,0.36347835605513723,0.3958419524207505,0.7336901936614809,0.26660733312613466,0.6735981090751558,0.21320360474048022,0.28296949611556194,0.8017494223833848,0.42930756370656137,0.6453185791959625,0.6446808893053236,0.6066972651514896,0.09101783294675916,0.7214325677957131,0.4954069134442283,0.8070321661415802,0.6152221347855469,0.7339408068357758,0.48847391567219167,0.2533666449008389,0.6328112780958075,0.06870863903052757,0.8156312621625461,0.5161084849656621,0.6864076742693385,0.5882525086633449,0.4772106113342308,0.4787411734208609,0.7742747400218769,0.1918060687273677,0.6842443297995252,0.4902439956456179,0.1433111975675909,0.4196676706548906,0.5016015660771812,1.0,0.38086692477538536,0.6754081571925076,0.7525088124748595,0.4249916801508522,0.6798679349732905,0.4178269646015712,0.7553775079495076,0.5580619440821948,0.214602852154169,0.3014463328695894,0.6436628411619324,0.7594617523425616,0.6030291559550929,0.9509638397337389,0.21412800048623598,0.5577162239460849,0.7431178347685834,0.7122795688720722,0.637119498596778,0.23018311457426202,0.7042985439438216,0.6030206161272079,0.7021617699244662,0.8711511899172228,1.0,0.7058829859234124,0.5398115155446281,0.937025989718868,0.4427884132722257,0.7514549761452615,0.8523485731080962,0.2947592556914974,0.8026852311878783,0.7639096338740367,0.1422502936280849,0.3945059678063931,0.6860522095373484,0.6689590568726005,0.6417188081647344,0.8636968070816585,0.5466578798504551,0.5993091189601508,0.877262401532068,0.08114832185944307,0.1932115135054635
3.0,0.8320719630297304,0.4655377047187785,0.5648601235175297,0.8570652192723537,0.5860592963908684,0.42234707653565273,0.2697315287752072,0.8574018234521474,0.6785067075732699,0.4220991651216735,0.21997908160134913,0.16810547616913724,0.3732933050552944,0.16460337152322885,0.36266378327919796,0.371782964384599,0.5596627904860338,0.8404338754029957,0.09082080473562924,0.6646222578064765,0.8340626041432547,0.9396207733226475,0.5452158997090083,0.9700965350066137,0.887025878848794,0.9159518910023726,0.3118071126826289,0.6802696420064269,0.3822885476610098,0.8828603105086495,0.7671046685484804,0.9315921831503863,0.45087736540948475,1.0,0.9783004926905524,0.8783875091392309,0.692662033475924,0.353314734204335,0.6605693826378243,0.5297786179736611,0.6015989388347928,0.4792090151295605,0.43829310383898734,0.7102954391728226,0.346017420273812,0.3822425075100463,0.08230688434383066,0.37676239514892423,0.7281382584399665,0.03990798578168997,0.8581996016963754,0.8276184971904861,0.3722139794596356,0.6103055270342891,0.4572942349388038,0.48807447957259725,0.8732941872468044,0.6912243607858702,0.8916675681331604,0.4839968788549553,0.5398236770850481,0.8532939191558457,0.7434374359321956,0.2760123884106182,0.7365133631806027,0.41624955308309847,0.8646908969070028,0.7428586257628258,0.20032338017952905,0.9014785930638269,0.34931203352549356,0.27987195958133754,0.7170497345164495,0.31117001751159645,0.7375697709851468,0.5259817438227053,0.6853320617545403,0.6938175666078683,0.7803271247073633,0.9048698115606989,0.06768075158505496,0.5710974429751589,0.48805061369723246,0.5656541034234693,0.6598762791212243,0.25866555877427627,0.5966529172728943,0.7957838372684654,0.8635672004295462,0.7715153971691125,0.3535592821697362,0.6582036112468088,0.45346687363094834,0.3581007197656843,0.3333855934577051,0.21973942823567177,0.8926448380298584,0.8544189686671493,0.5521151931977226,0.7218671631989915,0.609815022985073,0.6588457850294187,0.3708304654713139,0.6014364295074234,0.6047580405928707,0.8258795979592778,0.7463993800005473,0.4528333658115166,0.5641744860336526,0.730998580829206,0.38369824961394555,0.7167427634409725,0.593494204705754,0.39945321214790025,1.0,0.4785115063792466,0.856427472108643,0.5053518929096175,0.42002690653943864,0.5053322563387207,0.20205548655363928,0.7792852173768933,0.27864237776778317,0.20885813318913785,0.3635947046339638,0.7422764583699853,0.634119889738479,0.9230899993780797,0.7848456467899408,0.703212137125753,0.3295213354500674,0.9002771586866734,0.8509104415997889,0.8326653576767673,0.7445115370768649,0.5234375752692646,0.5754776524162185,0.523195603389472,0.14584448299951644,0.6708539742996,0.9208293869332367,0.5566784531627326,0.3417970508955993,0.8780064050771496,0.8426338744048246,0.6357338198833081,0.3819061845446712,0.15018017370497957,0.7664441582439067,0.3909850370370169,0.7758499049211931,0.6676414737429334,0.7438281420940287,0.2419336411217983,0.6772482870093319,0.3920303622437071,0.06009910314358736,0.9773201015707235,0.7463454406197697,0.440767762763579,0.38620400904571994,0.17996512974163212,0.5061411934977147,0.8913072209305364,0.5638666649579973,0.9401221017217684,1.0,0.47006274272230725,0.7746436032506575,0.11035843507388804,0.8542401699829655,0.2722200075211966,0.19666461039011823,0.8869399284141444,0.370130415971371,0.9063059374189878,0.6058850349333649,0.43215993897665594,0.3097144580017454,0.7671235062946915,0.7116553906812904,0.7523058755605624,0.28583455153757664,0.3370782369558594,0.5657562405886638,0.18750378476855564,0.6274023095593413,0.2106636346479777,0.8116304279605748,0.5523998879392688,0.6918646063890577,0.4468415548538735,0.18424421375277378,0.5104337428153557,0.6114549725910927,0.5818460908490196,0.7877234945737012,0.5644977473976661,0.893308861562831,0.5457337837534035,0.715392800298088,0.3943368613848202,0.8725410741899218,0.6532601806107529,0.7023047988460003,0.7366486327353471,0.9686373290122979,0.8324482749560094,0.5974040942165937,0.42547346413953596,0.6687112404379789,0.5249905609491864,0.5683262105362764,0.7326953168169426,0.6498301206967799,0.3047616034445205,0.6506976310300089,0.5681719782104817,0.3533987629070175,0.9489713995155841,0.1879032309661742,0.30833714512464255,0.9448124275257473,0.8620430727902963,0.6722254012748076,0.5220554626707619,0.5932625030815596,0.7322000804676435,0.3199726674965513,0.0,0.2535296647250552,0.6459931615607057,0.4309102797195196,0.3316390349982261,0.40080190872541127,0.6880655135214468,0.5693893114946597,0.35112921589518953,0.7659089293163145,0.40834076951774084,0.45326221643784603,0.35712867691438066,0.5256068637161933,0.763201971322656,0.47437156242670514,0.5326975269141705,0.19841008721355044
1.0,0.6194457591687983,1.0,0.6511884120258049,0.7755062648287021,0.582658614829843,0.4874729006269362,0.08821843998304102,0.8428045342409932,0.5627977616281012,0.41677979455500586,0.49689765818845116,0.12800313481269815,0.16020665750118582,0.3514033232232719,0.2693626296042853,0.38489612599452366,0.3317567338565578,0.9327088949242855,0.4173045952179883,0.5788368354326339,0.8107362625220862,1.0,0.648628832546544,0.8570002558350878,0.7482261716528734,0.804679119723196,0.1906490772157382,0.5876473045046664,0.6602044534501578,0.7922850959695361,0.6072556194906802,0.9890863777698297,0.45233536209180014,0.7662090960142133,0.6263714119127425,0.8660776150161903,0.3751769456618592,0.3228408699695517,0.30470783694778614,0.7945652914178699,0.6302619217222216,0.5295684907877459,0.48768980983289373,0.5870886435413103,0.7449462834694445,0.3210394005278156,0.2806111983963886,0.4061069397778964,0.9217326622749332,0.13329971630239237,0.8813494811332794,0.8578125031968864,0.2096147248395233,0.4358737590842184,0.398761956838331,0.5360178551658047,0.7811308664056634,0.5737002157282743,1.0,0.3685963151587159,0.7457186210981406,0.6698279906626572,0.4897469398662995,0.31167235465186965,0.969333914882936,0.5844028097985167,0.8101907735519168,0.7042638996793966,0.22207933720016,0.675496275189744,0.5494217570955235,0.25421648479932774,0.4405285391422533,0.27274654432421025,0.6085655365515096,0.633492465993648,0.5973710167827456,0.7859593207772699,0.7124738523874424,0.8651730742752489,0.10555452770898574,0.5129288653115845,0.4233505327349327,0.7474771321425984,0.538047637580842,0.5221539834378431,0.4855627686962888,0.8430890824317026,1.0,0.9824827471883822,0.3918242748356806,0.8394083899372031,0.3928060869499748,0.2122177509530126,0.23898834139809227,0.6187623006737918,0.9308246679860065,0.5983475572921225,0.48696435063742033,0.34887733331283677,0.6123153375123018,0.7677878722599778,0.40750660216348167,0.5481009430360547,0.6260160166282055,0.6144271351562357,0.7498602694465728,0.6138296907922114,0.6805227655831381,0.7284096865378681,0.5005978707298518,0.3139545350819907,0.4600207859836743,0.6073885669955439,0.8467233601669141,0.42463046521965603,0.5907352339354489,0.5816450914557313,0.5290406524996956,0.6300246891842781,0.14092932954611764,0.7013365074093845,0.17611300911822123,0.3281494981225713,0.4177792202728891,0.7597973721964417,0.569934336086538,0.8415557944478558,0.450129307892627,0.414341122240886,0.743651976200256,0.9745513816463801,0.7707655157524013,0.8604051293908521,0.7469092841286611,0.6384953858798391,0.23018454560440593,0.0,0.23681894909305093,0.7407423726251434,1.0,0.6313100253203523,0.3531189864839196,0.8887985994438629,0.7152848169341027,0.7106661952426957,0.6316789038956061,0.2889805138316017,0.8801528179542905,0.15168214392236665,0.9155581406231628,0.9061114848182319,0.7233838544532523,0.2931581202466004,0.40165799416149617,0.5966004261321433,0.2711084320241986,0.9304131958275204,0.8400367463965109,0.4760470461283036,0.29048424140545837,0.2445157203088898,0.7233941092398584,0.7655467290579405,0.25582768397733985,0.8782750598513752,0.7548664040429041,0.5150972932335597,0.8286308950602561,0.18026555787462714,0.7390081526560851,0.014392288388700356,0.1776806712294325,0.8044260973412042,0.7235721181925687,0.7775582845164962,0.2643889889317893,0.29998543366613767,0.1786649460217072,0.7112376788811141,0.8052349068946532,0.8712737598058511,0.0,0.4438973416964709,0.5758338523133393,0.05540894154065232,0.4618535013065597,0.19887692067275226,0.773966604188721,0.544561509807053,0.3903991144368449,0.2341270694870686,0.3065009223390497,0.5812448803752672,0.6354440722526367,0.46583420915349394,0.6269379599413629,0.6184033152712813,0.22518469104022837,0.6134056468405137,0.6444700508354382,0.4598983809290947,0.7558649151398653,0.20738646685542847,0.6617857400323983,0.5343316522083862,0.9602447413087735,0.7737524935917015,0.6546810393616717,0.5943713203183179,0.3415637852656567,0.6524747107825505,0.5713371952147789,0.8480936977143075,0.8543302420213841,0.7052561137366383,0.6971839041473711,0.728048845890873,0.5052159592420109,0.9040237132139731,0.11432649234516554,0.43056624491130563,0.8209916030400497,0.9069302404529842,0.4124271296336563,0.4513987905926502,0.8901529238521642,0.6934408270979787,0.24602280685893627,0.2562403588865186,0.6811432659748243,0.5513146675394474,0.47897309595026,0.2942855165782643,0.25948586340877144,0.5836751659752172,0.23053420680384853,0.4839123025473686,0.8101198999366755,0.44787024659531655,0.4755340585784581,0.546790220401425,0.44351058010870414,0.7461015851192493,0.7072266691398872,0.5245166202364809,0.1989740925632059
